Datetime,Close_norm,high_low_pct,price_change,RSI_14_norm,MACD,MACD_signal,BB_upper_norm,BB_lower_norm,Volume_norm,price_change_lag_1,Volume_norm_lag_1,price_change_lag_2,Volume_norm_lag_2,price_change_lag_3,Volume_norm_lag_3,price_change_lag_4,Volume_norm_lag_4
2025-04-04 09:30:00-04:00,0.9648888445903414,0.02037898796969147,0.0042043436254728395,0.4191361422235389,-1.6600600775993257,-1.526613228300538,0.9939663647671595,0.9536408245097,3.373130653589303,-0.0003317333908836595,0.0,-0.0011595123132462914,1.5037232466003958,-0.0018520058502029535,1.2253122201328255,-0.0049686715313367324,1.076068899645528
2025-04-04 10:30:00-04:00,0.9659326232669732,0.027817100079855047,-0.0014291789784459663,0.41153809219750315,-1.5623987436438824,-1.533770331369207,0.9950097679294142,0.9551330994334154,2.433496935460573,0.0042043436254728395,3.373130653589303,-0.0003317333908836595,0.0,-0.0011595123132462914,1.5037232466003958,-0.0018520058502029535,1.2253122201328255
2025-04-04 11:30:00-04:00,0.9655904570146736,0.011758280069007922,-0.0033003670043463273,0.39380957238346065,-1.5071670969095976,-1.5284496844772852,0.9970640184659382,0.9567486803520916,1.1806905537549393,-0.0014291789784459663,2.433496935460573,0.0042043436254728395,3.373130653589303,-0.0003317333908836595,0.0,-0.0011595123132462914,1.5037232466003958
2025-04-04 12:30:00-04:00,0.966971079105049,0.015567806331746552,-0.0016217748432488799,0.3850603679729716,-1.4658632659208024,-1.515932400765989,0.9984679440848423,0.9585415775627472,0.9470677066324286,-0.0033003670043463273,1.1806905537549393,-0.0014291789784459663,2.433496935460573,0.0042043436254728395,3.373130653589303,-0.0003317333908836595,0.0
2025-04-04 13:30:00-04:00,0.9694423663628957,0.012051447637609847,-0.0002708037324644641,0.38353059782273596,-1.419989284929926,-1.4967437775987764,0.999479172775202,0.9602935042782186,1.0376810750392382,-0.0016217748432488799,0.9470677066324286,-0.0033003670043463273,1.1806905537549393,-0.0014291789784459663,2.433496935460573,0.0042043436254728395,3.373130653589303
2025-04-04 14:30:00-04:00,0.9753890379247756,0.01309121499869231,0.0033175728049321673,0.41422512691113944,-1.3287771603692988,-1.463150454152881,0.9997169369186729,0.9627928271421149,1.1958496536863772,-0.0002708037324644641,1.0376810750392382,-0.0016217748432488799,0.9470677066324286,-0.0033003670043463273,1.1806905537549393,-0.0014291789784459663,2.433496935460573
2025-04-04 15:30:00-04:00,0.9615452876801635,0.02624882909002759,-0.017949953561551046,0.3208356341877409,-1.454365934282123,-1.4613935501787294,1.0017254256003294,0.9640502328134486,1.8478679306180552,0.0033175728049321673,1.1958496536863772,-0.0002708037324644641,1.0376810750392382,-0.0016217748432488799,0.9470677066324286,-0.0033003670043463273,1.1806905537549393
2025-04-04 16:00:00-04:00,0.9637786796486381,0.05063407917383824,-0.0019239935521576657,0.31284018805289293,-1.5585238115163236,-1.4808196024462483,1.0046115090980552,0.9655836144012722,0.0,-0.017949953561551046,1.8478679306180552,0.0033175728049321673,1.1958496536863772,-0.0002708037324644641,1.0376810750392382,-0.0016217748432488799,0.9470677066324286
2025-04-07 09:30:00-04:00,0.9671552830362237,0.08461861801224128,0.027084403459190165,0.4808023600345504,-1.9878354074463118,-2.0960295701119467,0.9951468721699263,0.9387191323483695,3.9800692592850777,-0.0019239935521576657,0.0,-0.017949953561551046,1.8478679306180552,0.0033175728049321673,1.1958496536863772,-0.0002708037324644641,1.0376810750392382
2025-04-07 10:30:00-04:00,0.9629264972474109,0.04270829094780816,-0.008537630447985833,0.4471477067831225,-1.8209669093558034,-2.041017037960718,0.9980863787058672,0.9418577753644359,2.0244603303820465,0.027084403459190165,3.9800692592850777,-0.0019239935521576657,0.0,-0.017949953561551046,1.8478679306180552,0.0033175728049321673,1.1958496536863772
2025-04-07 11:30:00-04:00,0.9779025667770966,0.020797575183756915,0.011736128065321205,0.4986544510876506,-1.5346627128552939,-1.9397461729396335,1.0002438169485832,0.9454275202417739,1.0066544759020952,-0.008537630447985833,2.0244603303820465,0.027084403459190165,3.9800692592850777,-0.0019239935521576657,0.0,-0.017949953561551046,1.8478679306180552
2025-04-07 12:30:00-04:00,0.9931630461652268,0.022650334416299628,0.013659072009250206,0.5516261123065214,-1.1341156147026936,-1.7786200612922456,1.0012127186946431,0.9475201515753956,0.8167581161737674,0.011736128065321205,1.0066544759020952,-0.008537630447985833,2.0244603303820465,0.027084403459190165,3.9800692592850777,-0.0019239935521576657,0.0
2025-04-07 13:30:00-04:00,0.9912085847506017,0.015358441050468382,-0.0035888326488506817,0.535400764182822,-0.8496513735902909,-1.5928263237518547,1.001645139135388,0.949368679233979,0.9281092319615728,0.013659072009250206,0.8167581161737674,0.011736128065321205,1.0066544759020952,-0.008537630447985833,2.0244603303820465,0.027084403459190165,3.9800692592850777
2025-04-07 14:30:00-04:00,0.9834375436776527,0.018326570967140556,-0.009921790796030838,0.4924317507123396,-0.7335644474988783,-1.4209739485012594,1.0020321523241171,0.9515382462534865,0.8120665505081897,-0.0035888326488506817,0.9281092319615728,0.013659072009250206,0.8167581161737674,0.011736128065321205,1.0066544759020952,-0.008537630447985833,2.0244603303820465
2025-04-07 15:30:00-04:00,0.9928033802137857,0.011954969942368969,0.007618920940014373,0.5237277796103019,-0.5457063860886819,-1.245920436018744,1.00310837730525,0.9535190327329701,0.8067240608366588,-0.009921790796030838,0.8120665505081897,-0.0035888326488506817,0.9281092319615728,0.013659072009250206,0.8167581161737674,0.011736128065321205,1.0066544759020952
2025-04-07 16:00:00-04:00,1.000005925591816,0.06428987470369119,0.005790169826784819,0.5467734306087486,-0.3244992436871428,-1.0616361975524238,1.004520739782506,0.9549219588632053,0.0,0.007618920940014373,0.8067240608366588,-0.009921790796030838,0.8120665505081897,-0.0035888326488506817,0.9281092319615728,0.013659072009250206,0.8167581161737674
2025-04-08 09:30:00-04:00,1.0269389109601164,0.01688106113034377,0.0033743145195472835,0.6609391211176407,1.1785071136224872,0.5632827466448629,1.0244594595451113,0.9720683867174427,1.627098832624061,0.005790169826784819,0.0,0.007618920940014373,0.8067240608366588,-0.009921790796030838,0.8120665505081897,-0.0035888326488506817,0.9281092319615728
2025-04-08 10:30:00-04:00,1.0142155580294774,0.019303982766976563,-0.012792530568391691,0.5651465296102564,1.1346179506431895,0.6775497874445282,1.0255442036240503,0.9762697448218363,0.7958365020553736,0.0033743145195472835,1.627098832624061,0.005790169826784819,0.0,0.007618920940014373,0.8067240608366588,-0.009921790796030838,0.8120665505081897
2025-04-08 11:30:00-04:00,1.0098077934830263,0.015183606343116562,-0.004942926056896058,0.5333897885841291,1.0282699579638006,0.7476938215483827,1.0238992921711134,0.9842401803911693,0.6067501280132388,-0.012792530568391691,0.7958365020553736,0.0033743145195472835,1.627098832624061,0.005790169826784819,0.0,0.007618920940014373,0.8067240608366588
2025-04-08 12:30:00-04:00,0.9947671856916338,0.018635829151123186,-0.016278465676892284,0.44511967544052566,0.7397831680267473,0.7461116908440557,1.0249959369511052,0.9868545162363821,0.8213876039042437,-0.004942926056896058,0.6067501280132388,-0.012792530568391691,0.7958365020553736,0.0033743145195472835,1.627098832624061,0.005790169826784819,0.0
2025-04-08 13:30:00-04:00,0.9961026017586566,0.012718154951838145,0.0006482733760289072,0.44896690630343555,0.5129086218013583,0.6994710770355163,1.0243648496799018,0.9906745701409262,0.6683806098480196,-0.016278465676892284,0.8213876039042437,-0.004942926056896058,0.6067501280132388,-0.012792530568391691,0.7958365020553736,0.0033743145195472835,1.627098832624061
2025-04-08 14:30:00-04:00,0.9855749182318514,0.02843042685757589,-0.01176354412640157,0.3953635825443485,0.19170547195056997,0.597917956018527,1.026042108763005,0.9909061846773909,0.8366381601095939,0.0006482733760289072,0.6683806098480196,-0.016278465676892284,0.8213876039042437,-0.004942926056896058,0.6067501280132388,-0.012792530568391691,0.7958365020553736
2025-04-08 15:30:00-04:00,0.9852115943064108,0.013026914627442474,-0.001483603131845146,0.3891277463523013,-0.07928480029360685,0.4624774047561003,1.02787389099243,0.9892975887894085,1.112908447955066,-0.01176354412640157,0.8366381601095939,0.0006482733760289072,0.6683806098480196,-0.016278465676892284,0.8213876039042437,-0.004942926056896058,0.6067501280132388
2025-04-08 16:00:00-04:00,0.9885646567581129,0.04641941265683182,0.002487927155151004,0.40602159102438196,-0.2619773935037415,0.317586445104132,1.0291873197228418,0.9884019260291617,0.0,-0.001483603131845146,1.112908447955066,-0.01176354412640157,0.8366381601095939,0.0006482733760289072,0.6683806098480196,-0.016278465676892284,0.8213876039042437
2025-04-09 09:30:00-04:00,0.9919181774894227,0.016707975067239807,0.007132486956625161,0.48744268675100955,-0.8468224271398128,-0.7560916073765788,1.0243462928594398,0.9689713533515507,1.3823511341214585,0.002487927155151004,0.0,-0.001483603131845146,1.112908447955066,-0.01176354412640157,0.8366381601095939,0.0006482733760289072,0.6683806098480196
2025-04-09 10:30:00-04:00,0.9923950452865421,0.014893090855348732,-0.0004813484807727475,0.4845278005859031,-0.7418666098564586,-0.7532466078725548,1.0210817835564876,0.9703657473415441,0.6968021325833614,0.007132486956625161,1.3823511341214585,0.002487927155151004,0.0,-0.001483603131845146,1.112908447955066,-0.01176354412640157,0.8366381601095939
2025-04-09 11:30:00-04:00,0.9977590940545349,0.015516956320971428,0.005631172477959412,0.5206261380425868,-0.5858802433896528,-0.7197733349759745,1.0159611004434703,0.9716594427334863,0.534989777319583,-0.0004813484807727475,0.6968021325833614,0.007132486956625161,1.3823511341214585,0.002487927155151004,0.0,-0.001483603131845146,1.112908447955066
2025-04-09 12:30:00-04:00,1.0391701953568517,0.07239257793463533,0.044130669677189927,0.6993308287075025,0.057649651035831084,-0.5642887377736134,1.015214356584168,0.9680802241200793,1.400220910943017,0.005631172477959412,0.534989777319583,-0.0004813484807727475,0.6968021325833614,0.007132486956625161,1.3823511341214585,0.002487927155151004,0.0
2025-04-09 13:30:00-04:00,1.0600963661170304,0.02549584473796813,0.023978011509069752,0.755107152365237,0.8531488672806518,-0.2808012167627604,1.0224278430756946,0.9578976402181939,2.1273577700052453,0.044130669677189927,1.400220910943017,0.005631172477959412,0.534989777319583,-0.0004813484807727475,0.6968021325833614,0.007132486956625161,1.3823511341214585
2025-04-09 14:30:00-04:00,1.0584434409146097,0.018232564279829045,0.0027510727279951297,0.7607231370247968,1.500982154802216,0.07555545755023493,1.0280615641015762,0.9489921024972666,1.416316774647955,0.023978011509069752,2.1273577700052453,0.044130669677189927,1.400220910943017,0.005631172477959412,0.534989777319583,-0.0004813484807727475,0.6968021325833614
2025-04-09 15:30:00-04:00,1.0668688803162052,0.01789876076551481,0.012377990775797487,0.7847112979030167,2.146196667077419,0.48968369945567175,1.036043515957629,0.9405353989779224,1.4105925106880237,0.0027510727279951297,1.416316774647955,0.023978011509069752,2.1273577700052453,0.044130669677189927,1.400220910943017,0.005631172477959412,0.534989777319583
2025-04-09 16:00:00-04:00,1.0654911535157394,0.09867167069000198,0.0025335717885788256,0.789422361167465,2.6593170530515238,0.9236103701748422,1.0430983411649914,0.9342665368461548,0.0,0.012377990775797487,1.4105925106880237,0.0027510727279951297,1.416316774647955,0.023978011509069752,2.1273577700052453,0.044130669677189927,1.400220910943017
2025-04-10 09:30:00-04:00,1.0363806763798362,0.02114218636200233,-0.009259854462938644,0.5744491129794791,2.3396400707330542,2.546266175004522,1.0814592391582014,0.9733726103405588,1.497108297791714,0.0025335717885788256,0.0,0.012377990775797487,1.4105925106880237,0.0027510727279951297,1.416316774647955,0.023978011509069752,2.1273577700052453
2025-04-10 10:30:00-04:00,1.029550877353629,0.012421143178726399,-0.0036418876087990215,0.5519890491697097,2.0887801975122784,2.4547689795060736,1.0761721689965655,0.9802291750475514,0.6722803242721159,-0.009259854462938644,1.497108297791714,0.0025335717885788256,0.0,0.012377990775797487,1.4105925106880237,0.0027510727279951297,1.416316774647955
2025-04-10 11:30:00-04:00,1.0015547431757463,0.03194748203626192,-0.025974442626014227,0.4248644360049908,1.5481489472674639,2.2734449730583517,1.0721386544643587,0.9857820305080776,0.9109840540575026,-0.0036418876087990215,0.6722803242721159,-0.009259854462938644,1.497108297791714,0.0025335717885788256,0.0,0.012377990775797487,1.4105925106880237
2025-04-10 12:30:00-04:00,1.0153478593971803,0.027011051595067448,0.015541952549381177,0.4975000457426294,1.293601106397233,2.077476199726128,1.0675414935827907,0.9917457978246248,0.906144501936851,-0.025974442626014227,0.9109840540575026,-0.0036418876087990215,0.6722803242721159,-0.009259854462938644,1.497108297791714,0.0025335717885788256,0.0
2025-04-10 13:30:00-04:00,1.0254435517580531,0.0158827826533332,0.010922259610193219,0.5419603010686896,1.2126475887666572,1.904510477534234,1.0625111000772125,1.000885023392685,0.8175693256154529,0.015541952549381177,0.906144501936851,-0.025974442626014227,0.9109840540575026,-0.0036418876087990215,0.6722803242721159,-0.009259854462938644,1.497108297791714
2025-04-10 14:30:00-04:00,1.0127889492632736,0.012956390738408733,-0.011321730717973488,0.4927593427265299,0.9958019827738269,1.7227687785821528,1.0561317187023391,1.009532825972607,0.7514661854263645,0.010922259610193219,0.8175693256154529,0.015541952549381177,0.906144501936851,-0.025974442626014227,0.9109840540575026,-0.0036418876087990215,0.6722803242721159
2025-04-10 15:30:00-04:00,1.0114985164128099,0.014330500442726525,0.0,0.4927593427265299,0.8145605309814528,1.541127129062013,1.0547264189703307,1.0084253293222016,1.033795785084743,-0.011321730717973488,0.7514661854263645,0.010922259610193219,0.8175693256154529,0.015541952549381177,0.906144501936851,-0.025974442626014227,0.9109840540575026
2025-04-10 16:00:00-04:00,1.011534440870068,0.09812744841995301,0.0022247916469466666,0.50292714319067,0.6904014243006884,1.3709819881097483,1.052072293354883,1.0044988809462125,0.0,0.0,1.033795785084743,-0.011321730717973488,0.7514661854263645,0.010922259610193219,0.8175693256154529,0.015541952549381177,0.906144501936851
2025-04-11 09:30:00-04:00,1.0152416434641263,0.023685877689274826,0.008309926738962359,0.5248356137379298,0.29552619331843744,0.463519989746531,1.0265102655092428,0.9997597976210535,1.152842438151145,0.0022247916469466666,0.0,0.0,1.033795785084743,-0.011321730717973488,0.7514661854263645,0.010922259610193219,0.8175693256154529
2025-04-11 10:30:00-04:00,1.0175405312214232,0.014261787674983475,0.005580795433413943,0.5510374328764561,0.3734779779410644,0.4455115873854377,1.0216236556682836,0.9970313039485484,0.7464615390591066,0.008309926738962359,1.152842438151145,0.0022247916469466666,0.0,0.0,1.033795785084743,-0.011321730717973488,0.7514661854263645
2025-04-11 11:30:00-04:00,1.0211729786146826,0.010826755682052568,0.007324435064924195,0.5836667748934794,0.5208360265189924,0.4605764752121487,1.0171278437203533,0.9936791471505176,0.43663212744744767,0.005580795433413943,0.7464615390591066,0.008309926738962359,1.152842438151145,0.0022247916469466666,0.0,0.0,1.033795785084743
2025-04-11 12:30:00-04:00,1.0172218629352547,0.010124971484496807,-0.00028827424705091254,0.5818612503968769,0.6267624382637109,0.49381366782246117,1.0144641055854466,0.9897334634990207,0.5179987654517706,0.007324435064924195,0.43663212744744767,0.005580795433413943,0.7464615390591066,0.008309926738962359,1.152842438151145,0.0022247916469466666,0.0
2025-04-11 13:30:00-04:00,1.016552601970438,0.012395292637573085,0.002947718334395333,0.5956319146747316,0.7393050998560966,0.5429119542291883,1.012696818718407,0.9855523631286699,0.5732301446061431,-0.00028827424705091254,0.5179987654517706,0.007324435064924195,0.43663212744744767,0.005580795433413943,0.7464615390591066,0.008309926738962359,1.152842438151145
2025-04-11 14:30:00-04:00,1.0158982852242917,0.007070067581857086,0.0031308255725652767,0.6103530603962031,0.858143177768028,0.6059581989369562,1.0104954841714424,0.9844019959507485,0.7449938881196951,0.002947718334395333,0.5732301446061431,-0.00028827424705091254,0.5179987654517706,0.007324435064924195,0.43663212744744767,0.005580795433413943,0.7464615390591066
2025-04-11 15:30:00-04:00,1.0123572002716856,0.007452217636594347,0.0,0.6103530603962031,0.9414705245335426,0.6730606640562735,1.0092879095237108,0.9812997580004118,0.7730878503099943,0.0031308255725652767,0.7449938881196951,0.002947718334395333,0.5732301446061431,-0.00028827424705091254,0.5179987654517706,0.007324435064924195,0.43663212744744767
2025-04-11 16:00:00-04:00,1.0106304484362123,0.06895635552723796,-0.0003184713375796733,0.6077347733988285,0.9920378700104493,0.7368561052471087,1.009685430972688,0.9796725292679069,0.0,0.0,0.7730878503099943,0.0031308255725652767,0.7449938881196951,0.002947718334395333,0.5732301446061431,-0.00028827424705091254,0.5179987654517706
2025-04-14 09:30:00-04:00,1.03587431523946,0.012890987540675584,0.007818822275520665,0.7329304375152392,1.6234641706212471,1.3400901141540926,1.030745166767776,0.9903317106603238,1.5521352409456193,-0.0003184713375796733,0.0,0.0,0.7730878503099943,0.0031308255725652767,0.7449938881196951,0.002947718334395333,0.5732301446061431
2025-04-14 10:30:00-04:00,1.026374893659123,0.012077646418725035,-0.00819260244186093,0.6391176731901687,1.5950940074731363,1.3910908928179015,1.031155072024439,0.9914617804764149,0.8684734207916153,0.007818822275520665,1.5521352409456193,-0.0003184713375796733,0.0,0.0,0.7730878503099943,0.0031308255725652767,0.7449938881196951
2025-04-14 11:30:00-04:00,1.016007791473511,0.014352581056526403,-0.010262824520205105,0.5456667280154012,1.4238628000492781,1.397645274264177,1.0302290164220833,0.996143111154823,0.9407334705459478,-0.00819260244186093,0.8684734207916153,0.007818822275520665,1.5521352409456193,-0.0003184713375796733,0.0,0.0,0.7730878503099943
2025-04-14 12:30:00-04:00,1.018379002881778,0.00917722298895899,0.002149698596473071,0.5600296088748618,1.3006031539500782,1.3782368502013573,1.0298857241322628,0.9996858073799354,0.5374552023032945,-0.010262824520205105,0.9407334705459478,-0.00819260244186093,0.8684734207916153,0.007818822275520665,1.5521352409456193,-0.0003184713375796733,0.0
2025-04-14 13:30:00-04:00,1.023492480908474,0.009465863003970709,0.006435358185873374,0.6008021384717943,1.2705783799780477,1.3567051561566954,1.0287136143691404,1.00093185019678,0.4782334262132226,0.002149698596473071,0.5374552023032945,-0.010262824520205105,0.9407334705459478,-0.00819260244186093,0.8684734207916153,0.007818822275520665,1.5521352409456193
2025-04-14 14:30:00-04:00,1.0246975192580794,0.0059380375948863764,0.002914971949827816,0.6181738305143863,1.2696688959288736,1.339297904111131,1.02788134076218,1.0007392051197483,0.5774787269311166,0.006435358185873374,0.4782334262132226,0.002149698596473071,0.5374552023032945,-0.010262824520205105,0.9407334705459478,-0.00819260244186093,0.8684734207916153
2025-04-14 15:30:00-04:00,1.0163103981149149,0.009050357839748287,-0.005469262722516688,0.5680776280224877,1.1846866061931394,1.3083756445275327,1.0251280905427425,0.9999075781171474,1.0701656891632385,0.002914971949827816,0.5774787269311166,0.006435358185873374,0.4782334262132226,0.002149698596473071,0.5374552023032945,-0.010262824520205105,0.9407334705459478
2025-04-14 16:00:00-04:00,1.0167795262274788,0.048834002006018,0.0025768297911863414,0.5850465183680202,1.1373108421135214,1.2741626840447304,1.0232776541571047,0.9994041821694946,0.0,-0.005469262722516688,1.0701656891632385,0.002914971949827816,0.5774787269311166,0.006435358185873374,0.4782334262132226,0.002149698596473071,0.5374552023032945
2025-04-15 09:30:00-04:00,1.000456997729724,0.01801505489754314,-0.01235456325767259,0.42145128218991057,0.4562876433365375,0.8012591632130789,1.0233640318000066,1.0064455372360273,1.7342404953990807,0.0025768297911863414,0.0,-0.005469262722516688,1.0701656891632385,0.002914971949827816,0.5774787269311166,0.006435358185873374,0.4782334262132226
2025-04-15 10:30:00-04:00,0.9973172614476806,0.007207026420118986,-0.0018780495599541869,0.4085355289387125,0.24129661263683033,0.6892666530978292,1.0228588090247774,1.0028739881366449,0.9612573985444939,-0.01235456325767259,1.7342404953990807,0.0025768297911863414,0.0,-0.005469262722516688,1.0701656891632385,0.002914971949827816,0.5774787269311166
2025-04-15 11:30:00-04:00,0.995456005299344,0.00516952456928906,-0.0006377374131528724,0.4040161966648648,0.06213004982967618,0.5638393324441986,1.0217857277740998,0.9994365555847096,0.9180714213707124,-0.0018780495599541869,0.9612573985444939,-0.01235456325767259,1.7342404953990807,0.0025768297911863414,0.0,-0.005469262722516688,1.0701656891632385
2025-04-15 12:30:00-04:00,0.9870413984406543,0.009235944675405762,-0.007722296860130928,0.35311040636211755,-0.17547540019762664,0.4159763859158336,1.02061214776154,0.9955412240204284,0.7239274498324476,-0.0006377374131528724,0.9180714213707124,-0.0018780495599541869,0.9612573985444939,-0.01235456325767259,1.7342404953990807,0.0025768297911863414,0.0
2025-04-15 13:30:00-04:00,0.9876346966924715,0.005814319401122161,0.0010933764703930926,0.3652118823639459,-0.3460726891612751,0.26356657090041186,1.0201658647459388,0.9923627855811122,0.5581614614843498,-0.007722296860130928,0.7239274498324476,-0.0006377374131528724,0.9180714213707124,-0.0018780495599541869,0.9612573985444939,-0.01235456325767259,1.7342404953990807
2025-04-15 14:30:00-04:00,0.9886150083563963,0.0036253335110035256,0.0012747191902342525,0.37979490600150695,-0.4599601044072301,0.11886123583888347,1.0202489295435235,0.9902462916440676,0.5989122372161382,0.0010933764703930926,0.5581614614843498,-0.007722296860130928,0.7239274498324476,-0.0006377374131528724,0.9180714213707124,-0.0018780495599541869,0.9612573985444939
2025-04-15 15:30:00-04:00,0.9914152376580971,0.00678181406204284,0.0028976820403927572,0.41285746569741405,-0.5079214245906485,-0.0064952962470229275,1.0201444436182074,0.9888245978353332,1.1954859297554856,0.0012747191902342525,0.5989122372161382,0.0010933764703930926,0.5581614614843498,-0.007722296860130928,0.7239274498324476,-0.0006377374131528724,0.9180714213707124
2025-04-15 16:00:00-04:00,0.990673499134815,0.028394903642998928,-0.00070379430332701,0.40716361034240295,-0.5484848513749796,-0.11489320727261426,1.0194442622255042,0.9873234473788941,0.0,0.0028976820403927572,1.1954859297554856,0.0012747191902342525,0.5989122372161382,0.0010933764703930926,0.5581614614843498,-0.007722296860130928,0.7239274498324476
2025-04-16 09:30:00-04:00,0.980156776362677,0.012687234628668859,0.009412332020270808,0.40723626244622335,-1.1938495110912868,-1.0089790868632424,1.0036394654668515,0.970093748745097,1.5700960197187734,-0.00070379430332701,0.0,0.0028976820403927572,1.1954859297554856,0.0012747191902342525,0.5989122372161382,0.0010933764703930926,0.5581614614843498
2025-04-16 10:30:00-04:00,0.9875991560646208,0.009837322647111976,0.007123008195856428,0.48964041083622584,-1.0193251348082697,-1.011048296452248,1.0006107127595743,0.9716116670677764,0.8863101865774345,0.009412332020270808,1.5700960197187734,-0.00070379430332701,0.0,0.0028976820403927572,1.1954859297554856,0.0012747191902342525,0.5989122372161382
2025-04-16 11:30:00-04:00,0.984557019262234,0.006905402300763491,-0.0037291958825109717,0.4538169825944074,-0.9172412238466165,-0.9922868819311218,0.9974181101799656,0.9734836021167531,0.7208518545233121,0.007123008195856428,0.8863101865774345,0.009412332020270808,1.5700960197187734,-0.00070379430332701,0.0,0.0028976820403927572,1.1954859297554856
2025-04-16 12:30:00-04:00,0.9846993949558752,0.0041777180488612314,-0.0005163074064558071,0.4489379751544803,-0.8331899727346013,-0.9604675000918178,0.9965527350076324,0.9742438954181677,0.5366491365709379,-0.0037291958825109717,0.7208518545233121,0.007123008195856428,0.8863101865774345,0.009412332020270808,1.5700960197187734,-0.00070379430332701,0.0
2025-04-16 13:30:00-04:00,0.9781162692548472,0.015048888080177745,-0.00910433555740342,0.3728544881470273,-0.8703205178805433,-0.9424381036495629,0.9976090211700356,0.9758761561004404,1.3079761842946818,-0.0005163074064558071,0.5366491365709379,-0.0037291958825109717,0.7208518545233121,0.007123008195856428,0.8863101865774345,0.009412332020270808,1.5700960197187734
2025-04-16 14:30:00-04:00,0.9693400129467393,0.012789257104505753,-0.011533977551305474,0.3033527769501467,-1.0306901403093889,-0.9600885109815281,0.9996010555355727,0.975802789319755,1.0805444064977159,-0.00910433555740342,1.3079761842946818,-0.0005163074064558071,0.5366491365709379,-0.0037291958825109717,0.7208518545233121,0.007123008195856428,0.8863101865774345
2025-04-16 15:30:00-04:00,0.9812736684671177,0.013305460400996021,0.010745631594555105,0.41204521397003757,-1.014561219762271,-0.9709830527376768,1.000549102751474,0.9765318964771321,1.5061518524200388,-0.011533977551305474,1.0805444064977159,-0.00910433555740342,1.3079761842946818,-0.0005163074064558071,0.5366491365709379,-0.0037291958825109717,0.7208518545233121
2025-04-16 16:00:00-04:00,0.9846095765104694,0.11326953125000003,0.0018261979024638553,0.4285388193313417,-0.968027051809571,-0.9703918525520557,1.0012881545232646,0.9775837665457763,0.0,0.010745631594555105,1.5061518524200388,-0.011533977551305474,1.0805444064977159,-0.00910433555740342,1.3079761842946818,-0.0005163074064558071,0.5366491365709379
2025-04-17 09:30:00-04:00,0.9805570796903336,0.013627638771699011,-0.010823040292854857,0.3731657220258361,-0.40835378789188326,-0.4927422341011552,0.9988269444658909,0.980351427865347,1.8264583302604218,0.0018261979024638553,0.0,0.010745631594555105,1.5061518524200388,-0.011533977551305474,1.0805444064977159,-0.00910433555740342,1.3079761842946818
2025-04-17 10:30:00-04:00,0.9709928509849283,0.029033113870319028,-0.012710491904234456,0.29756539784949865,-0.6520520420314995,-0.524604195687224,1.0032937870520044,0.9801878008447338,3.20655608919995,-0.010823040292854857,1.8264583302604218,0.0018261979024638553,0.0,0.010745631594555105,1.5061518524200388,-0.011533977551305474,1.0805444064977159
2025-04-17 11:30:00-04:00,0.9789493911295993,0.0082148076761212,0.005740196564874012,0.35983909799865443,-0.7665508601448323,-0.5729935285787457,1.006175146716496,0.9812192690738585,0.8403139001161241,-0.012710491904234456,3.20655608919995,-0.010823040292854857,1.8264583302604218,0.0018261979024638553,0.0,0.010745631594555105,1.5061518524200388
2025-04-17 12:30:00-04:00,0.9779942256377477,0.007152803442368135,-0.0037279351385397508,0.33871650603742043,-0.8925924916373162,-0.6369133211904598,1.0091268705199883,0.9815296274625427,0.7729951689109347,0.005740196564874012,0.8403139001161241,-0.012710491904234456,3.20655608919995,-0.010823040292854857,1.8264583302604218,0.0018261979024638553,0.0
2025-04-17 13:30:00-04:00,0.984186208085222,0.007911372667370856,0.004569754006985782,0.38610977744267905,-0.926129350841336,-0.6947565271206351,1.0096010010313028,0.9820480904821753,0.6041309992755463,-0.0037279351385397508,0.7729951689109347,0.005740196564874012,0.8403139001161241,-0.012710491904234456,3.20655608919995,-0.010823040292854857,1.8264583302604218
2025-04-17 14:30:00-04:00,0.9820197555744242,0.008671747508837199,-0.0040545244203007424,0.36125795168911745,-0.9909095372807712,-0.7539871291526623,1.0107022247921473,0.9821274433575347,1.0995279206836817,0.004569754006985782,0.6041309992755463,-0.0037279351385397508,0.7729951689109347,0.005740196564874012,0.8403139001161241,-0.012710491904234456,3.20655608919995
2025-04-17 15:30:00-04:00,0.984716328774618,0.006051142421177475,0.0009598799862144958,0.3715293544862229,-1.0188035358357865,-0.8069504104892872,1.011493267283126,0.9825088394827783,1.0074184065737093,-0.0040545244203007424,1.0995279206836817,0.004569754006985782,0.6041309992755463,-0.0037279351385397508,0.7729951689109347,0.005740196564874012,0.8403139001161241
2025-04-17 16:00:00-04:00,0.9860253058672388,0.005357142857142873,-6.61775902578432e-05,0.37108587448152436,-1.0298457678801185,-0.8515294819674535,1.0126875826795612,0.9826234554211551,0.0,0.0009598799862144958,1.0074184065737093,-0.0040545244203007424,1.0995279206836817,0.004569754006985782,0.6041309992755463,-0.0037279351385397508,0.7729951689109347
2025-04-21 09:30:00-04:00,0.9652061205028086,0.013954732602168356,-0.008063465144553805,0.22816482855685594,-1.4130215612571533,-1.2294631356842318,1.002553418515395,0.9693586986533395,1.6682122427810864,-6.61775902578432e-05,0.0,0.0009598799862144958,1.0074184065737093,-0.0040545244203007424,1.0995279206836817,0.004569754006985782,0.6041309992755463
2025-04-21 10:30:00-04:00,0.9638783657786132,0.00804348573055693,-0.004267644254583036,0.2082976876643687,-1.5257503970468917,-1.2887205879567638,1.0025089518037402,0.9701271050089868,0.8235041665082992,-0.008063465144553805,1.6682122427810864,-6.61775902578432e-05,0.0,0.0009598799862144958,1.0074184065737093,-0.0040545244203007424,1.0995279206836817
2025-04-21 11:30:00-04:00,0.9654511511129216,0.005518829663782218,-0.0014980582130202924,0.2016872104194195,-1.614249019932629,-1.353826274351937,1.0024565319863668,0.9714093542455424,0.9041534408037046,-0.004267644254583036,0.8235041665082992,-0.008063465144553805,1.6682122427810864,-6.61775902578432e-05,0.0,0.0009598799862144958,1.0074184065737093
2025-04-21 12:30:00-04:00,0.9665062997484024,0.0067595619813004305,-0.002110782884932716,0.19243428040653157,-1.689902873651306,-1.4210415942118106,1.0042785971892645,0.9718526677457799,0.6086143587094653,-0.0014980582130202924,0.9041534408037046,-0.004267644254583036,0.8235041665082992,-0.008063465144553805,1.6682122427810864,-6.61775902578432e-05,0.0
2025-04-21 13:30:00-04:00,0.971132007989598,0.004066411858009992,0.0022530831431020193,0.2328086083798904,-1.703593968393733,-1.4775520690481951,1.0065455523501325,0.9719996903555623,0.5490138249023016,-0.002110782884932716,0.6086143587094653,-0.0014980582130202924,0.9041534408037046,-0.004267644254583036,0.8235041665082992,-0.008063465144553805,1.6682122427810864
2025-04-21 14:30:00-04:00,0.9731354655652744,0.005932001920596946,-0.0008767125338187132,0.22802072207027224,-1.7051725117991055,-1.5230761575983773,1.0083004274984024,0.9728192076000289,0.7265915183595998,0.0022530831431020193,0.5490138249023016,-0.002110782884932716,0.6086143587094653,-0.0014980582130202924,0.9041534408037046,-0.004267644254583036,0.8235041665082992
2025-04-21 15:30:00-04:00,0.9820741554462831,0.009007801463148963,0.006741336895697225,0.3402744293460849,-1.6081069811573343,-1.540082322310169,1.0095286177240916,0.9741791158445576,1.1684487310930163,-0.0008767125338187132,0.7265915183595998,0.0022530831431020193,0.5490138249023016,-0.002110782884932716,0.6086143587094653,-0.0014980582130202924,0.9041534408037046
2025-04-21 16:00:00-04:00,0.9837406339614918,0.06987799918666122,-0.0007449637726466563,0.33444783021705193,-1.5225069248907914,-1.5365672428262935,1.0099080673167875,0.9758868255118969,0.0,0.006741336895697225,1.1684487310930163,-0.0008767125338187132,0.7265915183595998,0.0022530831431020193,0.5490138249023016,-0.002110782884932716,0.6086143587094653
2025-04-22 09:30:00-04:00,0.999084673782389,0.01028995277913048,0.00517192238474018,0.5406616044591331,-0.3705537918791606,-0.7433466580080733,0.9991974148153092,0.978541260177077,1.671881277517669,-0.0007449637726466563,0.0,0.006741336895697225,1.1684487310930163,-0.0008767125338187132,0.7265915183595998,0.0022530831431020193,0.5490138249023016
2025-04-22 10:30:00-04:00,1.0061668129697794,0.009362795171878617,0.0067423717780872305,0.6079653568827958,-0.19077223108496355,-0.6328317726234514,1.001125854259432,0.9781918186383356,0.9885812598637729,0.00517192238474018,1.671881277517669,-0.0007449637726466563,0.0,0.006741336895697225,1.1684487310930163,-0.0008767125338187132,0.7265915183595998
2025-04-22 11:30:00-04:00,1.0158805901336745,0.01400858165117857,0.009226067674642069,0.6779677472591977,0.06313945282641953,-0.4936375275334772,1.0053660004263103,0.9769494548574184,0.9299698408819356,0.0067423717780872305,0.9885812598637729,0.00517192238474018,1.671881277517669,-0.0007449637726466563,0.0,0.006741336895697225,1.1684487310930163
2025-04-22 12:30:00-04:00,1.0022470693518477,0.015985877422085664,-0.014666199820988934,0.5181238351349088,0.08346217331995831,-0.37821758736279015,1.0076164348418386,0.9786770896228855,0.939981579994487,0.009226067674642069,0.9299698408819356,0.0067423717780872305,0.9885812598637729,0.00517192238474018,1.671881277517669,-0.0007449637726466563,0.0
2025-04-22 13:30:00-04:00,1.0091029728177263,0.00742958790034204,0.0062073997484775045,0.5642631879738038,0.17262084672259448,-0.26804990054571326,1.009917264934784,0.9801429850666032,0.7867199048980572,-0.014666199820988934,0.939981579994487,0.009226067674642069,0.9299698408819356,0.0067423717780872305,0.9885812598637729,0.00517192238474018,1.671881277517669
2025-04-22 14:30:00-04:00,1.0051411891177988,0.008525935773438548,-0.004112737095771091,0.5279689361111936,0.19104901913735262,-0.1762301166091001,1.010907269433929,0.981775743140224,0.8163085228386981,0.0062073997484775045,0.7867199048980572,-0.014666199820988934,0.939981579994487,0.009226067674642069,0.9299698408819356,0.0067423717780872305,0.9885812598637729
2025-04-22 15:30:00-04:00,1.0142050272936154,0.011618760333150908,0.008992145479381985,0.5898336979213281,0.3110014265158725,-0.07878380798410559,1.0126631988721824,0.9834308793534888,1.2075619392858812,-0.004112737095771091,0.8163085228386981,0.0062073997484775045,0.7867199048980572,-0.014666199820988934,0.939981579994487,0.009226067674642069,0.9299698408819356
2025-04-22 16:00:00-04:00,1.013975171703098,0.07267181620122813,-6.598711262861823e-05,0.5892179301011642,0.40063967709116355,0.017100889030948238,1.0139800507140866,0.9849262402334112,0.0,0.008992145479381985,1.2075619392858812,-0.004112737095771091,0.8163085228386981,0.0062073997484775045,0.7867199048980572,-0.014666199820988934,0.939981579994487
2025-04-23 09:30:00-04:00,1.0493160684109273,0.013659740370288243,0.009125369701798558,0.7491905797917408,1.6833970327389238,1.3033378519185193,1.0459301455496737,0.9950237125520156,2.922639666740203,-6.598711262861823e-05,0.0,0.008992145479381985,1.2075619392858812,-0.004112737095771091,0.8163085228386981,0.0062073997484775045,0.7867199048980572
2025-04-23 10:30:00-04:00,1.0362894601572294,0.01651633697497313,-0.011016975998137446,0.6254273950806569,1.6283949597432752,1.3683492734834706,1.0454436360524777,0.9970771895287066,1.5848785917130326,0.009125369701798558,2.922639666740203,-6.598711262861823e-05,0.0,0.008992145479381985,1.2075619392858812,-0.004112737095771091,0.8163085228386981
2025-04-23 11:30:00-04:00,1.0310851254786895,0.01098899147884892,-0.0038635292448491176,0.5890803566355988,1.5188812252384025,1.398455663834457,1.0444146197956194,0.9996090494305786,1.2041921480127171,-0.011016975998137446,1.5848785917130326,0.009125369701798558,2.922639666740203,-6.598711262861823e-05,0.0,0.008992145479381985,1.2075619392858812
2025-04-23 12:30:00-04:00,1.0351550569300905,0.008551141542028944,0.005397587138586291,0.6220033324968606,1.482380900732636,1.4152407112140928,1.0436635318347656,1.0013275583635808,0.6869630193440117,-0.0038635292448491176,1.2041921480127171,-0.011016975998137446,1.5848785917130326,0.009125369701798558,2.922639666740203,-6.598711262861823e-05,0.0
2025-04-23 13:30:00-04:00,1.0308931890572959,0.005924486235498671,-0.0015752748269375338,0.6066445884970514,1.4173455634980314,1.4156616816708805,1.0416847906639966,1.0011736474822046,0.6765035933121086,0.005397587138586291,0.6869630193440117,-0.0038635292448491176,1.2041921480127171,-0.011016975998137446,1.5848785917130326,0.009125369701798558,2.922639666740203
2025-04-23 14:30:00-04:00,1.0254229672021509,0.0068445331620286985,-0.0027046054936162855,0.5801970003713784,1.3167357380735893,1.3958764929514222,1.0395712773220704,0.999825035895312,0.8872859216450993,-0.0015752748269375338,0.6765035933121086,0.005397587138586291,0.6869630193440117,-0.0038635292448491176,1.2041921480127171,-0.011016975998137446,1.5848785917130326
2025-04-23 15:30:00-04:00,1.025186555794155,0.008501367217730345,0.002582870587493513,0.598165276985325,1.2548144030411947,1.3676640749693767,1.0361680602732033,1.0011037724749845,1.1980816703645474,-0.0027046054936162855,0.8872859216450993,-0.0015752748269375338,0.6765035933121086,0.005397587138586291,0.6869630193440117,-0.0038635292448491176,1.2041921480127171
2025-04-23 16:00:00-04:00,1.0250866478799519,0.1270391061452515,0.002962553712124949,0.6183929456721355,1.228695473197945,1.3398703546150903,1.0329490795142198,1.001385166708502,0.0,0.002582870587493513,1.1980816703645474,-0.0027046054936162855,0.8872859216450993,-0.0015752748269375338,0.6765035933121086,0.005397587138586291,0.6869630193440117
2025-04-24 09:30:00-04:00,1.0356461256623637,0.015198491804355872,0.010688707514780793,0.6897266224383859,0.8681428254963919,0.8745641407951104,1.0280321601388644,1.0116973320901328,2.3753769235899647,0.002962553712124949,0.0,0.002582870587493513,1.1980816703645474,-0.0027046054936162855,0.8872859216450993,-0.0015752748269375338,0.6765035933121086
2025-04-24 10:30:00-04:00,1.0308483380121172,0.007224685983310222,-0.0010132585548648931,0.676776082761209,0.9700208658940994,0.8936554858149083,1.0264184752405292,1.0077049183428501,1.114463967474865,0.010688707514780793,2.3753769235899647,0.002962553712124949,0.0,0.002582870587493513,1.1980816703645474,-0.0027046054936162855,0.8872859216450993
2025-04-24 11:30:00-04:00,1.0320905221966084,0.007167202441098186,0.004754358161648264,0.7047596227474219,1.0986145344006388,0.9346472955320544,1.0255429331391348,1.0032766705689917,0.9420654456017175,-0.0010132585548648931,1.114463967474865,0.010688707514780793,2.3753769235899647,0.002962553712124949,0.0,0.002582870587493513,1.1980816703645474
2025-04-24 12:30:00-04:00,1.0286668913196466,0.004163010533993155,0.0002523235718159267,0.7062202236672257,1.1900350834416997,0.9857248531139835,1.0235732801857729,0.998986010913188,0.8079544678037472,0.004754358161648264,0.9420654456017175,-0.0010132585548648931,1.114463967474865,0.010688707514780793,2.3753769235899647,0.002962553712124949,0.0
2025-04-24 13:30:00-04:00,1.0270899650738656,0.004125586759140449,0.001419238760213215,0.7147697736715196,1.2660484211937728,1.0417895667299413,1.023045084906043,0.9957932217446779,0.9761733280269834,0.0002523235718159267,0.8079544678037472,0.004754358161648264,0.9420654456017175,-0.0010132585548648931,1.114463967474865,0.010688707514780793,2.3753769235899647
2025-04-24 14:30:00-04:00,1.0220471563208604,0.007355780458422643,-0.002424933129568818,0.6783911350718159,1.2804633157967373,1.0895243165433006,1.0222001272551435,0.9939841936817911,1.3079345258855883,0.001419238760213215,0.9761733280269834,0.0002523235718159267,0.8079544678037472,0.004754358161648264,0.9420654456017175,-0.0010132585548648931,1.114463967474865
2025-04-24 15:30:00-04:00,1.0239356048164616,0.007922998909058461,0.0041040148784268204,0.7056313912762175,1.3290162270621977,1.1374226986470801,1.0221181943757782,0.9917858955093295,1.785515891432173,-0.002424933129568818,1.3079345258855883,0.001419238760213215,0.9761733280269834,0.0002523235718159267,0.8079544678037472,0.004754358161648264,0.9420654456017175
2025-04-24 16:00:00-04:00,1.062061412688244,0.13677442702050663,0.04257059216920833,0.8490457564193247,1.8919678506218816,1.2883317290420404,1.0297636904412641,0.9805653395688081,0.0,0.0041040148784268204,1.785515891432173,-0.002424933129568818,1.3079345258855883,0.001419238760213215,0.9761733280269834,0.0002523235718159267,0.8079544678037472
2025-04-25 09:30:00-04:00,1.0378973670320164,0.02348677932842942,-0.014690711380257238,0.5345892358762407,2.6180071698188385,2.902833095746513,1.0808549100720606,0.9940312570543053,5.455531641707066,0.04257059216920833,0.0,0.0041040148784268204,1.785515891432173,-0.002424933129568818,1.3079345258855883,0.001419238760213215,0.9761733280269834
2025-04-25 10:30:00-04:00,1.0345227832649215,0.009767799615553897,0.0007685449704351033,0.5389847410683153,2.284243996044779,2.7791152758061664,1.0758612993229206,0.9954317963973067,1.3870385840359265,-0.014690711380257238,5.455531641707066,0.04257059216920833,0.0,0.0041040148784268204,1.785515891432173,-0.002424933129568818,1.3079345258855883
2025-04-25 11:30:00-04:00,1.0258676546256864,0.0084461579455374,-0.005068482684691844,0.5050800639348598,1.9309056389996897,2.609473348444871,1.0714459105841299,0.9965955716702826,1.1206887817337365,0.0007685449704351033,1.3870385840359265,-0.014690711380257238,5.455531641707066,0.04257059216920833,0.0,0.0041040148784268204,1.785515891432173
2025-04-25 12:30:00-04:00,1.027655990680539,0.009888831364745514,0.005341259040133606,0.5379017588266413,1.7010710401937104,2.4277928867946392,1.0673503133788165,0.9963827276765533,1.1124868843522788,-0.005068482684691844,1.1206887817337365,0.0007685449704351033,1.3870385840359265,-0.014690711380257238,5.455531641707066,0.04257059216920833,0.0
2025-04-25 13:30:00-04:00,1.0183269474598768,0.011141197070695814,-0.007660416445640195,0.48768251494353854,1.4021246426120513,2.222659237958122,1.0650909902041412,0.998097192370933,1.1034623707442819,0.005341259040133606,1.1124868843522788,-0.005068482684691844,1.1206887817337365,0.0007685449704351033,1.3870385840359265,-0.014690711380257238,5.455531641707066
2025-04-25 14:30:00-04:00,1.018274462334081,0.005312252848192626,0.002025182798176761,0.5008485908706468,1.178029714073233,2.0137333331811442,1.0623034129683753,0.9987410393180143,0.9984761418710133,-0.007660416445640195,1.1034623707442819,0.005341259040133606,1.1124868843522788,-0.005068482684691844,1.1206887817337365,0.0007685449704351033,1.3870385840359265
2025-04-25 15:30:00-04:00,1.0157984068261874,0.0033980171116015537,-0.00018530347402545555,0.499580922443512,0.9866388593017632,1.8083144384052683,1.0591829301398634,0.999314472863407,0.9158799138801428,0.002025182798176761,0.9984761418710133,-0.007660416445640195,1.1034623707442819,0.005341259040133606,1.1124868843522788,-0.005068482684691844,1.1206887817337365
2025-04-25 16:00:00-04:00,1.0152043091122223,0.06594755657825332,0.001473491837075791,0.5101952044710373,0.8444706040618826,1.6155456715365912,1.0561924319824454,1.0001618307978315,0.0,-0.00018530347402545555,0.9158799138801428,0.002025182798176761,0.9984761418710133,-0.007660416445640195,1.1034623707442819,0.005341259040133606,1.1124868843522788
2025-04-28 09:30:00-04:00,1.0016201213788534,0.019072950137989573,-0.014252552260427653,0.3936068677614437,0.07792028459289213,0.42667672230828135,1.024833223586383,1.0053972077366486,1.810772931963696,0.001473491837075791,0.0,-0.00018530347402545555,0.9158799138801428,0.002025182798176761,0.9984761418710133,-0.007660416445640195,1.1034623707442819
2025-04-28 10:30:00-04:00,0.9964969017486744,0.009963007546689944,-0.0036466971574243834,0.3668705979244708,-0.12037058492262531,0.31726726086210005,1.021561132960246,1.0023642191632656,0.712435291345607,-0.014252552260427653,1.810772931963696,0.001473491837075791,0.0,-0.00018530347402545555,0.9158799138801428,0.002025182798176761,0.9984761418710133
2025-04-28 11:30:00-04:00,0.9913024434281228,0.007990463400987607,-0.004072898749293619,0.3392542992102369,-0.32620629967655645,0.18857254875436877,1.0182211148336546,0.9995646369936289,0.5655362177548674,-0.0036466971574243834,0.712435291345607,-0.014252552260427653,1.810772931963696,0.001473491837075791,0.0,-0.00018530347402545555,0.9158799138801428
2025-04-28 12:30:00-04:00,0.9896596409695414,0.004222081810664782,-0.0006920888930532776,0.33466305039738814,-0.4925311243160877,0.052351814140277494,1.0175815398398709,0.995878339396792,0.4069778116534531,-0.004072898749293619,0.5655362177548674,-0.0036466971574243834,0.712435291345607,-0.014252552260427653,1.810772931963696,0.001473491837075791,0.0
2025-04-28 13:30:00-04:00,0.9924545114596063,0.006589287803827997,0.0032739675531456847,0.3775482708746046,-0.575747884001828,-0.0732681254881436,1.0166288452698742,0.9937981206617996,0.5015307395447234,-0.0006920888930532776,0.4069778116534531,-0.004072898749293619,0.5655362177548674,-0.0036466971574243834,0.712435291345607,-0.014252552260427653,1.810772931963696
2025-04-28 14:30:00-04:00,0.996248553131636,0.007548989936300572,0.00454967566336717,0.4324724121858977,-0.5765509430480904,-0.17392468900013297,1.0155530472192689,0.9922555548726497,0.567042798482593,0.0032739675531456847,0.5015307395447234,-0.0006920888930532776,0.4069778116534531,-0.004072898749293619,0.5655362177548674,-0.0036466971574243834,0.712435291345607
2025-04-28 15:30:00-04:00,0.9989223350892373,0.007449074587366186,0.003342206292731298,0.4696618316006525,-0.5279313844340265,-0.24472602808691168,1.013817946325321,0.9913049064304608,1.076340830736431,0.00454967566336717,0.567042798482593,0.0032739675531456847,0.5015307395447234,-0.0006920888930532776,0.4069778116534531,-0.004072898749293619,0.5655362177548674
2025-04-28 16:00:00-04:00,0.9958582278957473,0.0036204744069913393,-0.002552771364133566,0.4455652116702486,-0.5165294269788774,-0.29908670786530483,1.0130175768824863,0.9902235489906993,0.0,0.003342206292731298,1.076340830736431,0.00454967566336717,0.567042798482593,0.0032739675531456847,0.5015307395447234,-0.0006920888930532776,0.4069778116534531
2025-04-29 09:30:00-04:00,0.9922254052317926,0.018915125544297987,-0.004612822937486993,0.40125006865081597,-0.25718301201507643,-0.2598493788452754,1.0057813551438728,0.9882082285611447,2.0282407536341607,-0.002552771364133566,0.0,0.003342206292731298,1.076340830736431,0.00454967566336717,0.567042798482593,0.0032739675531456847,0.5015307395447234
2025-04-29 10:30:00-04:00,0.9900299593371138,0.00847168987299168,-0.001910359060342981,0.380689914129008,-0.33049603880922973,-0.2739787108380663,1.0036098647744716,0.9878467474702987,0.6751775634857966,-0.004612822937486993,2.0282407536341607,-0.002552771364133566,0.0,0.003342206292731298,1.076340830736431,0.00454967566336717,0.567042798482593
2025-04-29 11:30:00-04:00,0.9942099474458831,0.007121435386111318,0.00454962896020672,0.45250367506981826,-0.32633343856628017,-0.2844496563837091,1.0009508322371063,0.9883596603981137,0.45321373349738414,-0.001910359060342981,0.6751775634857966,-0.004612822937486993,2.0282407536341607,-0.002552771364133566,0.0,0.003342206292731298,1.076340830736431
2025-04-29 12:30:00-04:00,0.9931734308820682,0.006610097643324902,-0.0029641589083522213,0.4183148348277421,-0.3572052988405403,-0.29900078487507536,1.0027995951449067,0.9899911093878274,0.4807166813957938,0.00454962896020672,0.45321373349738414,-0.001910359060342981,0.6751775634857966,-0.004612822937486993,2.0282407536341607,-0.002552771364133566,0.0
2025-04-29 13:30:00-04:00,0.998877182082534,0.007215869090448348,0.005043735574679076,0.4888715843757287,-0.3131047809262668,-0.3018215840853137,1.003672050116949,0.9910159940845069,0.5755070167877087,-0.0029641589083522213,0.4807166813957938,0.00454962896020672,0.45321373349738414,-0.001910359060342981,0.6751775634857966,-0.004612822937486993,2.0282407536341607
2025-04-29 14:30:00-04:00,0.9983060212168183,0.0034333465546323508,-0.0013746279130225636,0.47198351891008,-0.29257507081419476,-0.2999722814310899,1.004299067489123,0.9927715680170764,0.5598788512920571,0.005043735574679076,0.5755070167877087,-0.0029641589083522213,0.4807166813957938,0.00454962896020672,0.45321373349738414,-0.001910359060342981,0.6751775634857966
2025-04-29 15:30:00-04:00,0.9986745394456992,0.003590140703638234,-0.00018726998464124733,0.4696067348745575,-0.27554941627349194,-0.2950877083995703,1.004440896015767,0.9945704647697642,0.6342359975222299,-0.0013746279130225636,0.5598788512920571,0.005043735574679076,0.5755070167877087,-0.0029641589083522213,0.4807166813957938,0.00454962896020672,0.45321373349738414
2025-04-29 16:00:00-04:00,0.9989074095961155,0.052973260027489755,-0.000624398475416843,0.4612677538129723,-0.26704756406633123,-0.28947967953292253,1.0051266619542314,0.9960431726593311,0.0,-0.00018726998464124733,0.6342359975222299,-0.0013746279130225636,0.5598788512920571,0.005043735574679076,0.5755070167877087,-0.0029641589083522213,0.4807166813957938
2025-04-30 09:30:00-04:00,0.9817423386204711,0.016742026507884856,-0.005255848924198059,0.26466813760205254,-0.6174599814926012,-0.3900016906448043,1.005382447042837,0.9896999623741631,1.9413892815359122,-0.000624398475416843,0.0,-0.00018726998464124733,0.6342359975222299,-0.0013746279130225636,0.5598788512920571,0.005043735574679076,0.5755070167877087
2025-04-30 10:30:00-04:00,0.9843477438979292,0.007378509361434031,0.0012095133097944633,0.2889499453065071,-0.7139551939403077,-0.454792391303905,1.0067887924505974,0.9890625850375493,0.9770905250018381,-0.005255848924198059,1.9413892815359122,-0.000624398475416843,0.0,-0.00018726998464124733,0.6342359975222299,-0.0013746279130225636,0.5598788512920571
2025-04-30 11:30:00-04:00,0.9834959679575841,0.003994904789626124,-0.002416104309269085,0.26976345968098386,-0.8117343944135484,-0.5261807919258337,1.0084215351197126,0.9883386277885433,0.8557389203619526,0.0012095133097944633,0.9770905250018381,-0.005255848924198059,1.9413892815359122,-0.000624398475416843,0.0,-0.00018726998464124733,0.6342359975222299
2025-04-30 12:30:00-04:00,0.9872199058566247,0.006931393622116496,0.0022626577446671625,0.3154921288036985,-0.8507715309813761,-0.5910989397369422,1.009972579996059,0.9883135033958262,0.6545264651126343,-0.002416104309269085,0.8557389203619526,0.0012095133097944633,0.9770905250018381,-0.005255848924198059,1.9413892815359122,-0.000624398475416843,0.0
2025-04-30 13:30:00-04:00,0.9879162210947248,0.007823501951265435,-0.00022259172059713173,0.31340815780447157,-0.8744530950021101,-0.6477697707899758,1.0109288717085436,0.9878703195510223,0.9791957282480076,0.0022626577446671625,0.6545264651126343,-0.002416104309269085,0.8557389203619526,0.0012095133097944633,0.9770905250018381,-0.005255848924198059,1.9413892815359122
2025-04-30 14:30:00-04:00,0.9888316987507503,0.0038791771723469793,0.0001908076521051072,0.31756857557434415,-0.8806486844761707,-0.6943455535272148,1.0111181389754442,0.9873720397452395,0.766590877749865,-0.00022259172059713173,0.9791957282480076,0.0022626577446671625,0.6545264651126343,-0.002416104309269085,0.8557389203619526,0.0012095133097944633,0.9770905250018381
2025-04-30 15:30:00-04:00,0.9983834693323739,0.012944116941764113,0.009602508787510011,0.4863024462482637,-0.7550114940945605,-0.706478741640684,1.0108147652516746,0.9872568214285882,1.3410929867247972,0.0001908076521051072,0.766590877749865,-0.00022259172059713173,0.9791957282480076,0.0022626577446671625,0.6545264651126343,-0.002416104309269085,0.8557389203619526
2025-04-30 16:00:00-04:00,1.0105863295086401,0.09393159203980112,0.012849619323186845,0.6222078752247373,-0.4852381973996387,-0.6622306327924751,1.0105633363515536,0.9865161374382798,0.0,0.009602508787510011,1.3410929867247972,0.0001908076521051072,0.766590877749865,-0.00022259172059713173,0.9791957282480076,0.0022626577446671625,0.6545264651126343
2025-05-01 09:30:00-04:00,1.0080972946935332,0.013959813235196227,-0.0004366791107970336,0.5687971413158688,0.3182025705149556,0.08824122728150338,1.0131882926165252,0.9856561508863549,2.3096384209383602,0.012849619323186845,0.0,0.009602508787510011,1.3410929867247972,0.0001908076521051072,0.766590877749865,-0.00022259172059713173,0.9791957282480076
2025-05-01 10:30:00-04:00,1.0138278580602818,0.01040621378559627,0.006116166947194301,0.6348110785768575,0.4068928218042345,0.1519715461860496,1.01441886291577,0.98533979323313,1.0743155401609052,-0.0004366791107970336,2.3096384209383602,0.012849619323186845,0.0,0.009602508787510011,1.3410929867247972,0.0001908076521051072,0.766590877749865
2025-05-01 11:30:00-04:00,1.0087564638489634,0.006972298412472245,-0.004994415520967133,0.5590812331720556,0.407421909358078,0.20306161882045531,1.0152546641201732,0.9861932618881701,0.7613590165818764,0.006116166947194301,1.0743155401609052,-0.0004366791107970336,2.3096384209383602,0.012849619323186845,0.0,0.009602508787510011,1.3410929867247972
2025-05-01 12:30:00-04:00,1.0117186150913235,0.007756507768721996,0.003237179258837042,0.5928179974002,0.4446752742264266,0.2513843499016496,1.015804502714557,0.9875954254879099,0.6370448465858961,-0.004994415520967133,0.7613590165818764,0.006116166947194301,1.0743155401609052,-0.0004366791107970336,2.3096384209383602,0.012849619323186845,0.0
2025-05-01 13:30:00-04:00,1.0141331144881214,0.00606282931971987,0.0030095288016214194,0.6218780743224414,0.5074843663396109,0.3026043531892419,1.0162532456598659,0.988637791352791,0.7641310965095807,0.003237179258837042,0.6370448465858961,-0.004994415520967133,0.7613590165818764,0.006116166947194301,1.0743155401609052,-0.0004366791107970336,2.3096384209383602
2025-05-01 14:30:00-04:00,1.0127162724236123,0.004457549413417445,-0.0007176275358273809,0.6106529038528151,0.5416571243483759,0.35041490742106873,1.0159630940918687,0.9904638437619045,0.7172256659788647,0.0030095288016214194,0.7641310965095807,0.003237179258837042,0.6370448465858961,-0.004994415520967133,0.7613590165818764,0.006116166947194301,1.0743155401609052
2025-05-01 15:30:00-04:00,1.010627667704613,0.0040279417999031005,-0.0016963551650222009,0.5838442322389715,0.5404002065408235,0.38841196724501975,1.0155962423908185,0.9925988941401086,1.627130927090637,-0.0007176275358273809,0.7172256659788647,0.0030095288016214194,0.7641310965095807,0.003237179258837042,0.6370448465858961,-0.004994415520967133,0.7613590165818764
2025-05-01 16:00:00-04:00,1.0104045050790698,0.12875945443273404,0.00031007751937983663,0.5874038785240875,0.5372456389532658,0.41817870158666903,1.0145509467127651,0.9951341479080915,0.0,-0.0016963551650222009,1.627130927090637,-0.0007176275358273809,0.7172256659788647,0.0030095288016214194,0.7641310965095807,0.003237179258837042,0.6370448465858961
2025-05-02 09:30:00-04:00,1.0271582060165996,0.014131952941946286,0.005002104234449689,0.7273411873931996,0.8895062523737067,0.7254584308498306,1.0218945497831735,1.0032589182671072,2.2481591568322354,0.00031007751937983663,0.0,-0.0016963551650222009,1.627130927090637,-0.0007176275358273809,0.7172256659788647,0.0030095288016214194,0.7641310965095807
2025-05-02 10:30:00-04:00,1.0236434169346018,0.006837994768281877,-0.002299495644574878,0.681495079643518,0.9225234553062762,0.7648714357411197,1.0220888078257895,1.0028883092580794,1.1087470696037636,0.005002104234449689,2.2481591568322354,0.00031007751937983663,0.0,-0.0016963551650222009,1.627130927090637,-0.0007176275358273809,0.7172256659788647
2025-05-02 11:30:00-04:00,1.0246158141965565,0.005330490603318506,0.002197940198475079,0.7008596322898103,0.9665965438392732,0.8052164573607504,1.0223420175507494,1.0023730465763123,0.8408247441288319,-0.002299495644574878,1.1087470696037636,0.005002104234449689,2.2481591568322354,0.00031007751937983663,0.0,-0.0016963551650222009,1.627130927090637
2025-05-02 12:30:00-04:00,1.0221857378379169,0.006343062346519864,-0.0011573998762193227,0.6774510562683312,0.9749557234915187,0.8391643105869042,1.022091974999234,1.0023437309638799,0.6176333705794923,0.002197940198475079,0.8408247441288319,-0.002299495644574878,1.1087470696037636,0.005002104234449689,2.2481591568322354,0.00031007751937983663,0.0
2025-05-02 13:30:00-04:00,1.0218608267090492,0.003525846267195223,0.001921122040247747,0.6956035697154959,0.9955215144421743,0.8704357513579583,1.021209113255466,1.0004652896158754,0.5557131433129524,-0.0011573998762193227,0.6176333705794923,0.002197940198475079,0.8408247441288319,-0.002299495644574878,1.1087470696037636,0.005002104234449689,2.2481591568322354
2025-05-02 14:30:00-04:00,1.0184938324894435,0.005374240675776124,-0.0011869856805629686,0.6704490704207048,0.984734416498128,0.8932954843859923,1.0197835647266758,0.9997625481114856,0.931876592325465,0.001921122040247747,0.5557131433129524,-0.0011573998762193227,0.6176333705794923,0.002197940198475079,0.8408247441288319,-0.002299495644574878,1.1087470696037636
2025-05-02 15:30:00-04:00,1.015700158605461,0.004268534208149453,-0.0005484905953577757,0.6586111468100413,0.9578817468070895,0.9062127368702118,1.0182076506272844,0.9986601355131762,1.1511878003338867,-0.0011869856805629686,0.931876592325465,0.001921122040247747,0.5557131433129524,-0.0011573998762193227,0.6176333705794923,0.002197940198475079,0.8408247441288319
2025-05-02 16:00:00-04:00,1.0134100427523038,0.0625359843864357,-0.00018297147483969933,0.6544620380833563,0.9235336984855564,0.9096769291932807,1.0167379749596996,0.9973845653831002,0.0,-0.0005484905953577757,1.1511878003338867,-0.0011869856805629686,0.931876592325465,0.001921122040247747,0.5557131433129524,-0.0011573998762193227,0.6176333705794923
2025-05-05 09:30:00-04:00,1.0168652471748783,0.015008222961335704,0.011531642410043341,0.6739249522351506,0.3928026404943523,0.4947713368228572,1.014703317348532,1.0028421315349856,1.7664702532673304,-0.00018297147483969933,0.0,-0.0005484905953577757,1.1511878003338867,-0.0011869856805629686,0.931876592325465,0.001921122040247747,0.5557131433129524
2025-05-05 10:30:00-04:00,1.011549166381755,0.0051395973595362646,-0.0030319567576050366,0.6179259602231809,0.4427405276751699,0.48436517499331977,1.0128882843675417,1.0012654738057731,0.768423359924362,0.011531642410043341,1.7664702532673304,-0.00018297147483969933,0.0,-0.0005484905953577757,1.1511878003338867,-0.0011869856805629686,0.931876592325465
2025-05-05 11:30:00-04:00,1.0121847978731688,0.0049144370986490575,0.002493787804737302,0.6440455030972921,0.5095270217010466,0.48939754433486515,1.0118350492726804,0.9994733339565751,0.5696290757129319,-0.0030319567576050366,0.768423359924362,0.011531642410043341,1.7664702532673304,-0.00018297147483969933,0.0,-0.0005484905953577757,1.1511878003338867
2025-05-05 12:30:00-04:00,1.0114411924922524,0.0034565464385755617,0.0005253829879969807,0.6494954785861893,0.5629538004826884,0.5041087955644299,1.0111621633906174,0.9980665522922152,0.6396394635288047,0.002493787804737302,0.5696290757129319,-0.0030319567576050366,0.768423359924362,0.011531642410043341,1.7664702532673304,-0.00018297147483969933,0.0
2025-05-05 13:30:00-04:00,1.0114791971094093,0.003209196481285231,0.0014759442189131722,0.6650202546955353,0.6178129212929946,0.5268496207101429,1.0106678496602572,0.9965080591745024,0.4789599971834447,0.0005253829879969807,0.6396394635288047,0.002493787804737302,0.5696290757129319,-0.0030319567576050366,0.768423359924362,0.011531642410043341,1.7664702532673304
2025-05-05 14:30:00-04:00,1.008937633999525,0.0035776867672593824,-0.0014531652633631431,0.6351474139197241,0.634608590737912,0.5484014147156967,1.0101159527455463,0.9953951325471847,0.5957458719419829,0.0014759442189131722,0.4789599971834447,0.0005253829879969807,0.6396394635288047,0.002493787804737302,0.5696290757129319,-0.0030319567576050366,0.768423359924362
2025-05-05 15:30:00-04:00,1.0039637478351404,0.0063914524030363766,-0.003820295123534989,0.563577524649087,0.5902787845147088,0.5567768886754991,1.0091274286998044,0.9943455049504197,0.9812004811761644,-0.0014531652633631431,0.5957458719419829,0.0014759442189131722,0.4789599971834447,0.0005253829879969807,0.6396394635288047,0.002493787804737302,0.5696290757129319
2025-05-05 16:00:00-04:00,1.00358590430588,0.07033033215719676,0.0006087242600816278,0.5718250402564404,0.5567979364527389,0.5567810982309471,1.0081903909502499,0.9933742793405674,0.0,-0.003820295123534989,0.9812004811761644,-0.0014531652633631431,0.5957458719419829,0.0014759442189131722,0.4789599971834447,0.0005253829879969807,0.6396394635288047
2025-05-06 09:30:00-04:00,0.9989221617553797,0.01563643745117458,0.009744672632929108,0.5342372980144593,-0.1538045402197099,0.0465577014010556,1.0082916271204774,0.9896072971049527,2.314028986850383,0.0006087242600816278,0.0,-0.003820295123534989,0.9812004811761644,-0.0014531652633631431,0.5957458719419829,0.0014759442189131722,0.4789599971834447
2025-05-06 10:30:00-04:00,0.9999911527345385,0.00420681882351409,0.0018324154014230931,0.5578131374366722,-0.07613349549262693,0.022019462022319095,1.0076299072171715,0.9896938631190619,0.6494612825168316,0.009744672632929108,2.314028986850383,0.0006087242600816278,0.0,-0.003820295123534989,0.9812004811761644,-0.0014531652633631431,0.5957458719419829
2025-05-06 11:30:00-04:00,0.9985235589897166,0.006649879214123802,-0.0006572572973932989,0.547096521731136,-0.023012191704680163,0.013013131276919242,1.0069352909775975,0.989306305576583,0.6206992900821967,0.0018324154014230931,0.6494612825168316,0.009744672632929108,2.314028986850383,0.0006087242600816278,0.0,-0.003820295123534989,0.9812004811761644
2025-05-06 12:30:00-04:00,0.9963288735231569,0.0040495877553786835,-0.0014776371582969627,0.5227950851111534,-0.0004517071963903163,0.010320163582257331,1.0055482267415756,0.988498518240696,0.46385799091292385,-0.0006572572973932989,0.6206992900821967,0.0018324154014230931,0.6494612825168316,0.009744672632929108,2.314028986850383,0.0006087242600816278,0.0
2025-05-06 13:30:00-04:00,0.996916524826222,0.003908500660455819,0.00046129705581909874,0.529806409446969,0.023251864713671466,0.012906503808540158,1.0053736728152007,0.9885246635547935,0.5730488060745929,-0.0014776371582969627,0.46385799091292385,-0.0006572572973932989,0.6206992900821967,0.0018324154014230931,0.6494612825168316,0.009744672632929108,2.314028986850383
2025-05-06 14:30:00-04:00,0.997939420724725,0.002377343937409921,0.001065675167560176,0.546394728568514,0.05547824974087234,0.021420852995006595,1.0047690732633452,0.9885024354967028,0.5983458067774058,0.00046129705581909874,0.5730488060745929,-0.0014776371582969627,0.46385799091292385,-0.0006572572973932989,0.6206992900821967,0.0018324154014230931,0.6494612825168316
2025-05-06 15:30:00-04:00,0.9941328437457438,0.005298655394573124,-0.004087348562893278,0.47683499905940835,0.026647463852128794,0.022466175166431037,1.0041804909672414,0.9886284279246346,1.054540587863171,0.001065675167560176,0.5983458067774058,0.00046129705581909874,0.5730488060745929,-0.0014776371582969627,0.46385799091292385,-0.0006572572973932989,0.6206992900821967
2025-05-06 16:00:00-04:00,0.9929591332257918,0.06596830503140605,-0.001469525267993932,0.4545225063224106,-0.015381755449340062,0.01489658904327682,1.0032090534091131,0.9888729166483415,0.0,-0.004087348562893278,1.054540587863171,0.001065675167560176,0.5983458067774058,0.00046129705581909874,0.5730488060745929,-0.0014776371582969627,0.46385799091292385
2025-05-07 09:30:00-04:00,0.9963231435131525,0.01177191942276659,-0.003382533541660404,0.4853242833007696,0.10699124399249627,0.13081611576454785,1.0041658557890898,0.9903060848666606,2.280316200514302,-0.001469525267993932,0.0,-0.004087348562893278,1.054540587863171,0.001065675167560176,0.5983458067774058,0.00046129705581909874,0.5730488060745929
2025-05-07 10:30:00-04:00,0.9396651997339552,0.06647587391401225,-0.05983787658487527,0.19798858958426224,-0.7066132211255933,-0.03666975161348038,1.0187627560497057,0.9769140645349279,8.958122858996399,-0.003382533541660404,2.280316200514302,-0.001469525267993932,0.0,-0.004087348562893278,1.054540587863171,0.001065675167560176,0.5983458067774058
2025-05-07 11:30:00-04:00,0.9123067087805965,0.03527126257237551,-0.03369329874780469,0.14802553436279994,-1.7492200507294058,-0.37917981143666546,1.0346463545540345,0.9621460718250953,6.544250787847036,-0.05983787658487527,8.958122858996399,-0.003382533541660404,2.280316200514302,-0.001469525267993932,0.0,-0.004087348562893278,1.054540587863171
2025-05-07 12:30:00-04:00,0.931994819584476,0.02209430692826956,0.01756866352479669,0.2506370099578818,-2.3379379448840893,-0.7709314381261503,1.0413799913753026,0.9555477529486405,3.742652191097693,-0.03369329874780469,6.544250787847036,-0.05983787658487527,8.958122858996399,-0.003382533541660404,2.280316200514302,-0.001469525267993932,0.0
2025-05-07 13:30:00-04:00,0.927575004129571,0.015893187865191987,-0.009393386162235284,0.23411615224608795,-2.8858171979993585,-1.193908590100792,1.04812150331855,0.9493430958272421,1.8940151617036118,0.01756866352479669,3.742652191097693,-0.03369329874780469,6.544250787847036,-0.05983787658487527,8.958122858996399,-0.003382533541660404,2.280316200514302
2025-05-07 14:30:00-04:00,0.9324303761426093,0.012278486825619238,0.000703177985444503,0.23812665818178758,-3.273780447349054,-1.6098829615504444,1.0532096849946941,0.9445531766166806,1.534971756629622,-0.009393386162235284,1.8940151617036118,0.01756866352479669,3.742652191097693,-0.03369329874780469,6.544250787847036,-0.05983787658487527,8.958122858996399
2025-05-07 15:30:00-04:00,0.9455747299659126,0.01123370731297598,0.009840832582130643,0.2938919472065284,-3.42279225875987,-1.9724648209923297,1.0564378066884346,0.9420342013772168,1.3309379449978462,0.000703177985444503,1.534971756629622,-0.009393386162235284,1.8940151617036118,0.01756866352479669,3.742652191097693,-0.03369329874780469,6.544250787847036
2025-05-07 16:00:00-04:00,0.9534868990724984,0.053987366758784135,0.004295236642308131,0.31760090613430547,-3.44868151908031,-2.267708160609926,1.0586067262398362,0.9405875343018504,0.0,0.009840832582130643,1.3309379449978462,0.000703177985444503,1.534971756629622,-0.009393386162235284,1.8940151617036118,0.01756866352479669,3.742652191097693
2025-05-08 09:30:00-04:00,0.9688321613452743,0.01247734186905286,-0.005236247444485698,0.41251957857144644,-1.732965853338726,-2.2509004328418767,1.012284451428202,0.9300893002048739,2.5293517492761275,0.004295236642308131,0.0,0.009840832582130643,1.3309379449978462,0.000703177985444503,1.534971756629622,-0.009393386162235284,1.8940151617036118
2025-05-08 10:30:00-04:00,0.973049393893023,0.006914702063780389,0.0009097958487527258,0.4188262461390411,-1.6252579208456268,-2.125771930442627,1.0077723235675742,0.9353887557523872,0.9357062796484318,-0.005236247444485698,2.5293517492761275,0.004295236642308131,0.0,0.009840832582130643,1.3309379449978462,0.000703177985444503,1.534971756629622
2025-05-08 11:30:00-04:00,0.9803722833658294,0.008790644116943606,0.004479953397388714,0.4501558783444745,-1.4673069764628792,-1.9940789396466774,1.0002500864308177,0.942865383349898,0.7058946428470082,0.0009097958487527258,0.9357062796484318,-0.005236247444485698,2.5293517492761275,0.004295236642308131,0.0,0.009840832582130643,1.3309379449978462
2025-05-08 12:30:00-04:00,0.9839895404724963,0.004263215643230759,0.0006463114238723922,0.45474304805804855,-1.318858311894644,-1.8590348140962707,0.9903894378785905,0.9530964746727184,0.4035505468140777,0.004479953397388714,0.7058946428470082,0.0009097958487527258,0.9357062796484318,-0.005236247444485698,2.5293517492761275,0.004295236642308131,0.0
2025-05-08 13:30:00-04:00,0.9865414164011604,0.003973673684736686,-0.00025833787716245116,0.45311478342443556,-1.190713001375741,-1.7253704515521648,0.9938786416025813,0.9558075565871825,0.37252850066088145,0.0006463114238723922,0.4035505468140777,0.004479953397388714,0.7058946428470082,0.0009097958487527258,0.9357062796484318,-0.005236247444485698,2.5293517492761275
2025-05-08 14:30:00-04:00,0.9937112185849846,0.007718511216441608,0.004522820500863389,0.48769153525638453,-1.0209046624897553,-1.5844772937396832,0.996889000362824,0.962541227592451,0.6601288481345873,-0.00025833787716245116,0.37252850066088145,0.0006463114238723922,0.4035505468140777,0.004479953397388714,0.7058946428470082,0.0009097958487527258,0.9357062796484318
2025-05-08 15:30:00-04:00,0.9890281041556868,0.012284384034435446,-0.007782895120387101,0.4363361997475855,-0.9727544520757192,-1.4621327254068905,1.0004227009503934,0.9670515769221696,0.6266125678621679,0.004522820500863389,0.6601288481345873,-0.00025833787716245116,0.37252850066088145,0.0006463114238723922,0.4035505468140777,0.004479953397388714,0.7058946428470082
2025-05-08 16:00:00-04:00,0.9894533215650357,0.05102834113364535,-0.0027226404887322753,0.4198114406685184,-0.9574482427288444,-1.3611958288712813,1.002786031433374,0.9735383573096078,0.0,-0.007782895120387101,0.6266125678621679,0.004522820500863389,0.6601288481345873,-0.00025833787716245116,0.37252850066088145,0.0006463114238723922,0.4035505468140777
2025-05-09 09:30:00-04:00,0.9850698760902716,0.016709278825498185,-0.010311280088511232,0.3635675388145533,-0.5747307781889504,-0.6389547806587361,1.0031441153442129,0.9910591373477665,0.9287270149571387,-0.0027226404887322753,0.0,-0.007782895120387101,0.6266125678621679,0.004522820500863389,0.6601288481345873,-0.00025833787716245116,0.37252850066088145
2025-05-09 10:30:00-04:00,0.9941173098821559,0.010423941205702997,0.005788561237476619,0.4248725706114498,-0.5914229081274982,-0.6294484061524885,1.0060709757840904,0.9937474213778038,0.5465489886354838,-0.010311280088511232,0.9287270149571387,-0.0027226404887322753,0.0,-0.007782895120387101,0.6266125678621679,0.004522820500863389,0.6601288481345873
2025-05-09 11:30:00-04:00,0.9940804465249331,0.007289406909795185,-0.0033636391561556733,0.40058581467889576,-0.638946962055428,-0.6313481173330764,1.0095123431679436,0.9958679332172,0.36780712386494563,0.005788561237476619,0.5465489886354838,-0.010311280088511232,0.9287270149571387,-0.0027226404887322753,0.0,-0.007782895120387101,0.6266125678621679
2025-05-09 12:30:00-04:00,0.9954910341975741,0.004453811679270393,-0.001942146167769887,0.38688072654477135,-0.692600055141952,-0.6435985048948515,1.0133073900868832,0.9980439318723908,0.2701144847283192,-0.0033636391561556733,0.36780712386494563,0.005788561237476619,0.5465489886354838,-0.010311280088511232,0.9287270149571387,-0.0027226404887322753,0.0
2025-05-09 13:30:00-04:00,0.9976554924834977,0.004329028158499638,-0.0014408303148220059,0.37660658600517494,-0.7442918138650612,-0.6637371666888935,1.0173582912008643,1.000253924476343,0.2756320053197939,-0.001942146167769887,0.2701144847283192,-0.0033636391561556733,0.36780712386494563,0.005788561237476619,0.5465489886354838,-0.010311280088511232,0.9287270149571387
2025-05-09 14:30:00-04:00,0.9990685220258575,0.003276110706307393,0.0010493794849464333,0.38930848093358394,-0.7635464893648987,-0.6836990312240945,1.0175580749186015,0.9994256228896674,0.35630089560954836,-0.0014408303148220059,0.2756320053197939,-0.001942146167769887,0.2701144847283192,-0.0033636391561556733,0.36780712386494563,0.005788561237476619,0.5465489886354838
2025-05-09 15:30:00-04:00,0.998612198546092,0.003338534466974699,0.0009173069986074811,0.4008135858996295,-0.7587626343643876,-0.6987117518521532,1.0157309910132948,0.9971436843354659,0.4794346554804452,0.0010493794849464333,0.35630089560954836,-0.0014408303148220059,0.2756320053197939,-0.001942146167769887,0.2701144847283192,-0.0033636391561556733,0.36780712386494563
2025-05-09 16:00:00-04:00,0.9980289626811415,0.10995118808821751,-6.804469239152233e-05,0.40021072121289564,-0.7471969236202654,-0.7084087862057756,1.0146988075900933,0.9958170669859261,0.0,0.0009173069986074811,0.4794346554804452,0.0010493794849464333,0.35630089560954836,-0.0014408303148220059,0.2756320053197939,-0.001942146167769887,0.2701144847283192
2025-05-12 09:30:00-04:00,1.0231288421446045,0.011213109647946426,-0.003112056437807542,0.6063820276433042,0.7795180218111568,0.28720858736512533,1.029317131332175,0.9859448552954568,2.4172248927312756,-6.804469239152233e-05,0.0,0.0009173069986074811,0.4794346554804452,0.0010493794849464333,0.35630089560954836,-0.0014408303148220059,0.2756320053197939
2025-05-12 10:30:00-04:00,1.01906784104839,0.006701265656120636,-0.0017520969897432126,0.5861050949003311,0.7717778630990324,0.38412244251190675,1.0282359741621139,0.9840687960682604,0.8591302001122034,-0.003112056437807542,2.4172248927312756,-6.804469239152233e-05,0.0,0.0009173069986074811,0.4794346554804452,0.0010493794849464333,0.35630089560954836
2025-05-12 11:30:00-04:00,1.020773090281689,0.006539912221544051,0.003601496926330494,0.6145846342130724,0.8019338743264655,0.4676847288748185,1.027864187719902,0.9825539024195465,0.8612847896970626,-0.0017520969897432126,0.8591302001122034,-0.003112056437807542,2.4172248927312756,-6.804469239152233e-05,0.0,0.0009173069986074811,0.4794346554804452
2025-05-12 12:30:00-04:00,1.0242915019883994,0.011384858798894261,0.005441662647773127,0.6535176902686572,0.884682311026296,0.551084245305114,1.028023767360545,0.981965503514414,1.0798539477967637,0.003601496926330494,0.8612847896970626,-0.0017520969897432126,0.8591302001122034,-0.003112056437807542,2.4172248927312756,-6.804469239152233e-05,0.0
2025-05-12 13:30:00-04:00,1.0270343911172557,0.005479344896493362,0.004269334113395473,0.6809009456462424,0.993278254893994,0.63952304722289,1.0290358441066307,0.981187668137147,0.6473291504376028,0.005441662647773127,1.0798539477967637,0.003601496926330494,0.8612847896970626,-0.0017520969897432126,0.8591302001122034,-0.003112056437807542,2.4172248927312756
2025-05-12 14:30:00-04:00,1.0223916552617311,0.005875617152853388,-0.0031490112346895804,0.6405191977412553,1.0271550968998326,0.7170494571582786,1.0294421032283798,0.9814409974018301,0.8507824391182536,0.004269334113395473,0.6473291504376028,0.005441662647773127,1.0798539477967637,0.003601496926330494,0.8612847896970626,-0.0017520969897432126,0.8591302001122034
2025-05-12 15:30:00-04:00,1.0223774172742235,0.004606619427682276,0.001200419780588824,0.6490371688196808,1.0571482009550266,0.7850692059176282,1.0298046477709544,0.9823749269223285,1.0509598599411618,-0.0031490112346895804,0.8507824391182536,0.004269334113395473,0.6473291504376028,0.005441662647773127,1.0798539477967637,0.003601496926330494,0.8612847896970626
2025-05-12 16:00:00-04:00,1.0207437240844843,0.08845580808080813,-0.0004417316852647346,0.6429921556823252,1.0630156557461419,0.840658495883331,1.0297363933868064,0.9839434480668192,0.0,0.001200419780588824,1.0509598599411618,-0.0031490112346895804,0.8507824391182536,0.004269334113395473,0.6473291504376028,0.005441662647773127,1.0798539477967637
2025-05-13 09:30:00-04:00,1.0260850452403523,0.02370351006685851,0.004348173321403692,0.6814927403222577,0.8204025388475031,0.8259979107965103,1.0235022463459804,1.0104700832710938,2.9282377814310587,-0.0004417316852647346,0.0,0.001200419780588824,1.0509598599411618,-0.0031490112346895804,0.8507824391182536,0.004269334113395473,0.6473291504376028
2025-05-13 10:30:00-04:00,1.0272961049368718,0.0074428650735912,0.0026023282307401363,0.7036652410931602,0.8841435944026159,0.8376270475177315,1.0236871193715253,1.0090939794081255,1.3731195864021963,0.004348173321403692,2.9282377814310587,-0.0004417316852647346,0.0,0.001200419780588824,1.0509598599411618,-0.0031490112346895804,0.8507824391182536
2025-05-13 11:30:00-04:00,1.025899456596968,0.00462619068582416,0.0004691635213336376,0.707627181094601,0.9299913371288824,0.8560999054399618,1.0233129052941332,1.007362372790707,0.9690061790368987,0.0026023282307401363,1.3731195864021963,0.004348173321403692,2.9282377814310587,-0.0004417316852647346,0.0,0.001200419780588824,1.0509598599411618
2025-05-13 12:30:00-04:00,1.0239203494037605,0.004563567049294575,3.11929470744321e-05,0.7079069291750903,0.9557117740914691,0.8760222791702634,1.0223967280603363,1.006221332150666,0.7489625130649483,0.0004691635213336376,0.9690061790368987,0.0026023282307401363,1.3731195864021963,0.004348173321403692,2.9282377814310587,-0.0004417316852647346,0.0
2025-05-13 13:30:00-04:00,1.0176671110997346,0.00583699192796373,-0.003969584105104174,0.6258379812113548,0.914316978869067,0.8836812191100242,1.0202195444693865,1.0057343308209168,0.6482519429054132,3.11929470744321e-05,0.7489625130649483,0.0004691635213336376,0.9690061790368987,0.0026023282307401363,1.3731195864021963,0.004348173321403692,2.9282377814310587
2025-05-13 14:30:00-04:00,1.0161368076352555,0.003701589435660304,0.00037656158855359223,0.6302003015021304,0.87625172256989,0.8821953198019974,1.0185234053660213,1.0049872374967932,0.8374797093320986,-0.003969584105104174,0.6482519429054132,3.11929470744321e-05,0.7489625130649483,0.0004691635213336376,0.9690061790368987,0.0026023282307401363,1.3731195864021963
2025-05-13 15:30:00-04:00,1.0144262472744743,0.002790793815907898,0.0003764198432993915,0.6347858378738445,0.8412288714817748,0.874002030137953,1.0168912795154734,1.0033085672701976,0.8409007415755223,0.00037656158855359223,0.8374797093320986,-0.003969584105104174,0.6482519429054132,3.11929470744321e-05,0.7489625130649483,0.0004691635213336376,0.9690061790368987
2025-05-13 16:00:00-04:00,1.0127284951485307,0.026558014166614533,0.0005017438274632635,0.6411752895720491,0.8105846718067085,0.8613185584717041,1.0150997089899163,1.001183811608815,0.0,0.0003764198432993915,0.8409007415755223,0.00037656158855359223,0.8374797093320986,-0.003969584105104174,0.6482519429054132,3.11929470744321e-05,0.7489625130649483
2025-05-14 09:30:00-04:00,1.031846549381909,0.021521825897671334,0.020268979279891353,0.7735048693053611,0.883919652466858,0.7744265665087886,1.0199186291519664,1.0033646439447494,2.260616169925762,0.0005017438274632635,0.0,0.0003764198432993915,0.8409007415755223,0.00037656158855359223,0.8374797093320986,-0.003969584105104174,0.6482519429054132
2025-05-14 10:30:00-04:00,1.0356155533695286,0.013969190229062027,0.007357881998820037,0.8082064145942854,1.1285726108895346,0.8452557753849379,1.0215530832998176,0.9978119693239867,1.7443679676146333,0.020268979279891353,2.260616169925762,0.0005017438274632635,0.0,0.0003764198432993915,0.8409007415755223,0.00037656158855359223,0.8374797093320986
2025-05-14 11:30:00-04:00,1.0461809052017401,0.01700705678343514,0.014638834599605133,0.8558683324418547,1.4992440245336525,0.9760534252146809,1.025229054355474,0.9902734030015912,1.6286743583902934,0.007357881998820037,1.7443679676146333,0.020268979279891353,2.260616169925762,0.0005017438274632635,0.0,0.0003764198432993915,0.8409007415755223
2025-05-14 12:30:00-04:00,1.0311030482476338,0.01518921240980341,-0.010648244262175588,0.7147022805010983,1.6309745268309257,1.1070376455379298,1.0249711155281351,0.9862706724593716,0.9714864850308222,0.014638834599605133,1.6286743583902934,0.007357881998820037,1.7443679676146333,0.020268979279891353,2.260616169925762,0.0005017438274632635,0.0
2025-05-14 13:30:00-04:00,1.0310280098519677,0.006107484115963846,0.0025466782294956136,0.7262095704792674,1.7490997084688047,1.2354500581241048,1.0259159358118242,0.9834725142310679,0.6727366103103432,-0.010648244262175588,0.9714864850308222,0.014638834599605133,1.6286743583902934,0.007357881998820037,1.7443679676146333,0.020268979279891353,2.260616169925762
2025-05-14 14:30:00-04:00,1.024594988940799,0.007770755037706957,-0.00374981934752483,0.6824501798915213,1.772256867543689,1.3428114200080217,1.025886911030931,0.9814409490799921,0.7350011328330088,0.0025466782294956136,0.6727366103103432,-0.010648244262175588,0.9714864850308222,0.014638834599605133,1.6286743583902934,0.007357881998820037,1.7443679676146333
2025-05-14 15:30:00-04:00,1.0261056039117664,0.0048373626081622805,0.004006821619829015,0.7029690640804186,1.822853146217426,1.4388197652499026,1.0261963417210598,0.9794280710942552,0.7882366455378774,-0.00374981934752483,0.7350011328330088,0.0025466782294956136,0.6727366103103432,-0.010648244262175588,0.9714864850308222,0.014638834599605133,1.6286743583902934
2025-05-14 16:00:00-04:00,1.0238537072443323,0.11414172561823577,6.043727713378466e-05,0.7032817528995301,1.8425181813503855,1.5195594484699992,1.0264017857621657,0.9784515993818613,0.0,0.004006821619829015,0.7882366455378774,-0.00374981934752483,0.7350011328330088,0.0025466782294956136,0.6727366103103432,-0.010648244262175588,0.9714864850308222
2025-05-15 09:30:00-04:00,1.0152538311965036,0.013665663098789978,-0.009591798570594778,0.5579841401785741,1.0850751440784734,1.2900201193557144,1.0300394264751862,1.000373076420216,1.6766186138438652,6.043727713378466e-05,0.0,0.004006821619829015,0.7882366455378774,-0.00374981934752483,0.7350011328330088,0.0025466782294956136,0.6727366103103432
2025-05-15 10:30:00-04:00,1.0192585424169984,0.008682050915619641,0.006117633858536031,0.6023358265355838,1.0750044207535439,1.2470169796352804,1.0269488364335821,1.0020844770786068,0.8582524469385405,-0.009591798570594778,1.6766186138438652,6.043727713378466e-05,0.0,0.004006821619829015,0.7882366455378774,-0.00374981934752483,0.7350011328330088
2025-05-15 11:30:00-04:00,1.0151059785173744,0.00551708736419826,-0.002087311087268451,0.5807916551112889,1.0273420253773224,1.2030819887836888,1.021574237913954,1.006551965999836,0.589420326872193,0.006117633858536031,0.8582524469385405,-0.009591798570594778,1.6766186138438652,6.043727713378466e-05,0.0,0.004006821619829015,0.7882366455378774
2025-05-15 12:30:00-04:00,1.0121924612684423,0.0051883959122110785,-0.0009094771010854652,0.5712245665437146,0.9663255490877702,1.1557307008445052,1.0191979278219223,1.005992334643061,0.576508561207953,-0.002087311087268451,0.589420326872193,0.006117633858536031,0.8582524469385405,-0.009591798570594778,1.6766186138438652,6.043727713378466e-05,0.0
2025-05-15 13:30:00-04:00,1.0027938207205878,0.011470703219078109,-0.008071445099700703,0.49358695734665226,0.8014040450362927,1.0848653696828627,1.0181890617252018,1.004013402534683,0.6353810131045776,-0.0009094771010854652,0.576508561207953,-0.002087311087268451,0.589420326872193,0.006117633858536031,0.8582524469385405,-0.009591798570594778,1.6766186138438652
2025-05-15 14:30:00-04:00,0.9970669917170183,0.008483630043226281,-0.004863006870099884,0.45388349941626877,0.5996478768077793,0.9878218711078461,1.0161660780026973,1.0018432222883564,0.8525358954319135,-0.008071445099700703,0.6353810131045776,-0.0009094771010854652,0.576508561207953,-0.002087311087268451,0.589420326872193,0.006117633858536031,0.8582524469385405
2025-05-15 15:30:00-04:00,1.0036580079836468,0.00808220646889251,0.007838251669986862,0.5205071826192229,0.5364533428407867,0.8975481654544344,1.0147188313783928,1.0002319690741452,1.0202180693222704,-0.004863006870099884,0.8525358954319135,-0.008071445099700703,0.6353810131045776,-0.0009094771010854652,0.576508561207953,-0.002087311087268451,0.589420326872193
2025-05-15 16:00:00-04:00,1.005070162187292,0.09750464131119778,0.0027644110762761187,0.5418997453733599,0.5169810392178249,0.8214347402071125,1.012873697398789,0.9987706873674932,0.0,0.007838251669986862,1.0202180693222704,-0.004863006870099884,0.8525358954319135,-0.008071445099700703,0.6353810131045776,-0.0009094771010854652,0.576508561207953
2025-05-16 09:30:00-04:00,1.0216869536054083,0.012594762882624181,-0.0006561752606961679,0.6854683128272656,1.0118927395972719,0.7718603473100054,1.0188565088368915,0.9952896482599843,3.254292588761991,0.0027644110762761187,0.0,0.007838251669986862,1.0202180693222704,-0.004863006870099884,0.8525358954319135,-0.008071445099700703,0.6353810131045776
2025-05-16 10:30:00-04:00,1.0114177675411413,0.011492891473918755,-0.007998545619617214,0.5760117530290834,0.952729552777356,0.8080341884034756,1.0173633416814793,0.9936436425118581,1.1553727590549754,-0.0006561752606961679,3.254292588761991,0.0027644110762761187,0.0,0.007838251669986862,1.0202180693222704,-0.004863006870099884,0.8525358954319135
2025-05-16 11:30:00-04:00,1.0119423946814967,0.004534325362178769,0.002707725745421108,0.5991598990879083,0.9314165042422928,0.8327106515712391,1.0156471671921874,0.9914365525316229,0.7572597471316563,-0.007998545619617214,1.1553727590549754,-0.0006561752606961679,3.254292588761991,0.0027644110762761187,0.0,0.007838251669986862,1.0202180693222704
2025-05-16 12:30:00-04:00,1.0098200051694555,0.0036532280054138717,5.997663749734983e-05,0.5996826602108436,0.9049010963428543,0.8471487405255622,1.014294512817969,0.9898956517722294,0.4997859552256915,0.002707725745421108,0.7572597471316563,-0.007998545619617214,1.1553727590549754,-0.0006561752606961679,3.254292588761991,0.0027644110762761187,0.0
2025-05-16 13:30:00-04:00,1.0061739643968102,0.005414962766278283,-0.002670219512315719,0.5643897999249227,0.8383167106170788,0.8453823345438656,1.013724098906882,0.9891332985089077,0.5608770302806847,5.997663749734983e-05,0.4997859552256915,0.002707725745421108,0.7572597471316563,-0.007998545619617214,1.1553727590549754,-0.0006561752606961679,3.254292588761991
2025-05-16 14:30:00-04:00,1.0073273825589244,0.005224969886959715,0.0018182384047020772,0.5823656290559769,0.8007031378810439,0.8364464952113013,1.0136557661631471,0.9888064753992687,0.815705031997294,-0.002670219512315719,0.5608770302806847,5.997663749734983e-05,0.4997859552256915,0.002707725745421108,0.7572597471316563,-0.007998545619617214,1.1553727590549754
2025-05-16 15:30:00-04:00,1.0052746652687694,0.0035210753414422705,-0.002205326580778877,0.5525295269379916,0.732816464661596,0.8157204891013603,1.0142038142687329,0.9894115206140099,0.854428354251885,0.0018182384047020772,0.815705031997294,-0.002670219512315719,0.5608770302806847,5.997663749734983e-05,0.4997859552256915,0.002707725745421108,0.7572597471316563
2025-05-16 16:00:00-04:00,1.0050760987870757,0.04423181079617256,0.00018057427748741084,0.5545375389210002,0.673670926473136,0.7873105765757155,1.0138786785195522,0.9906184273279499,0.0,-0.002205326580778877,0.854428354251885,0.0018182384047020772,0.815705031997294,-0.002670219512315719,0.5608770302806847,5.997663749734983e-05,0.4997859552256915
2025-05-19 09:30:00-04:00,0.9964926524280081,0.010017054049572538,0.0007290475133847618,0.5156658108892007,-0.3459221285166336,-0.2031165313810781,1.0148932403781965,0.9832354926521981,2.188035925947684,0.00018057427748741084,0.0,-0.002205326580778877,0.854428354251885,0.0018182384047020772,0.815705031997294,-0.002670219512315719,0.5608770302806847
2025-05-19 10:30:00-04:00,0.9987341807430368,0.005510852445172189,0.0023676504781340313,0.5417303488357538,-0.24454307862552582,-0.21140184082996766,1.013322048449467,0.983155555848811,0.8646470556216976,0.0007290475133847618,2.188035925947684,0.00018057427748741084,0.0,-0.002205326580778877,0.854428354251885,0.0018182384047020772,0.815705031997294
2025-05-19 11:30:00-04:00,0.9998651527243794,0.006412855398917491,0.0011059410576943485,0.5538370147268418,-0.14776169674951234,-0.19867381201387663,1.0116473175328866,0.9834631086579912,0.8723822401772157,0.0023676504781340313,0.8646470556216976,0.0007290475133847618,2.188035925947684,0.00018057427748741084,0.0,-0.002205326580778877,0.854428354251885
2025-05-19 12:30:00-04:00,1.0020057575517334,0.00633765674891454,0.0022227317944252256,0.5779939554813746,-0.040943582082263674,-0.16712776602755405,1.0100196293857158,0.9837968033093268,0.5281708734166818,0.0011059410576943485,0.8723822401772157,0.0023676504781340313,0.8646470556216976,0.0007290475133847618,2.188035925947684,0.00018057427748741084,0.0
2025-05-19 13:30:00-04:00,1.000553853218468,0.0032542494410043726,-0.0010866107122481372,0.561940282393558,0.02885281020792263,-0.12793165078045873,1.0092057862346933,0.9834580302002485,0.6798586879750737,0.0022227317944252256,0.5281708734166818,0.0011059410576943485,0.8723822401772157,0.0023676504781340313,0.8646470556216976,0.0007290475133847618,2.188035925947684
2025-05-19 14:30:00-04:00,1.00198814033358,0.0031675749914587058,0.0015712459048711214,0.5800827969270096,0.10394930615225917,-0.08155545939391516,1.0083768233982282,0.9834688336922024,0.6100138590578223,-0.0010866107122481372,0.6798586879750737,0.0022227317944252256,0.5281708734166818,0.0011059410576943485,0.8723822401772157,0.0023676504781340313,0.8646470556216976
2025-05-19 15:30:00-04:00,1.0062804398382232,0.005734713493395005,0.00476646108332246,0.6301962059669455,0.22462039211185925,-0.020320289092760277,1.0077824344936335,0.9830338539759549,0.7505067000420018,0.0015712459048711214,0.6100138590578223,-0.0010866107122481372,0.6798586879750737,0.0022227317944252256,0.5281708734166818,0.0011059410576943485,0.8723822401772157
2025-05-19 16:00:00-04:00,1.0058664263295822,0.03884719303512458,0.00012010581186427949,0.6313956184336815,0.31819902815206547,0.04738357435620487,1.0075371151961887,0.9824294701928525,0.0,0.00476646108332246,0.7505067000420018,0.0015712459048711214,0.6100138590578223,-0.0010866107122481372,0.6798586879750737,0.0022227317944252256,0.5281708734166818
2025-05-20 09:30:00-04:00,1.0037825476711553,0.01262393007319632,-0.0009608665935041394,0.539679718667236,0.529070350107645,0.5261908371624834,1.011719991298057,0.9927103531525162,2.072687414758677,0.00012010581186427949,0.0,0.00476646108332246,0.7505067000420018,0.0015712459048711214,0.6100138590578223,-0.0010866107122481372,0.6798586879750737
2025-05-20 10:30:00-04:00,1.0041562089655482,0.004231449663717758,0.0015629365632494618,0.56526799582116,0.4938176885020482,0.5197162074303964,1.009543273882738,0.9945172272081672,0.6824061926663021,-0.0009608665935041394,2.072687414758677,0.00012010581186427949,0.0,0.00476646108332246,0.7505067000420018,0.0015712459048711214,0.6100138590578223
2025-05-20 11:30:00-04:00,1.007237691539146,0.006007561259767281,0.004081343696598072,0.6241192551891679,0.5148149598021519,0.5187359579047475,1.0087580624546328,0.9949009651525641,0.7509551682265639,0.0015629365632494618,0.6824061926663021,-0.0009608665935041394,2.072687414758677,0.00012010581186427949,0.0,0.00476646108332246,0.7505067000420018
2025-05-20 12:30:00-04:00,1.003646084501227,0.010130997911892627,-0.002839326103110884,0.5664358889227051,0.48750796867958,0.512490360059714,1.0077622335165903,0.995697507673628,1.3972015787827674,0.004081343696598072,0.7509551682265639,0.0015629365632494618,0.6824061926663021,-0.0009608665935041394,2.072687414758677,0.00012010581186427949,0.0
2025-05-20 13:30:00-04:00,0.9899624918415473,0.02323808250801647,-0.014567082690442379,0.37532143913562116,0.26671116924538296,0.4633345218968479,1.0092938271286154,0.9956265663958577,3.323648458898794,-0.002839326103110884,1.3972015787827674,0.004081343696598072,0.7509551682265639,0.0015629365632494618,0.6824061926663021,-0.0009608665935041394,2.072687414758677
2025-05-20 14:30:00-04:00,0.9864721676779777,0.010263871388986566,-0.004278327524903425,0.3396078368641844,0.034579647227104715,0.3775835469628993,1.011230412392634,0.9942345425900083,1.4850879567736717,-0.014567082690442379,3.323648458898794,-0.002839326103110884,1.3972015787827674,0.004081343696598072,0.7509551682265639,0.0015629365632494618,0.6824061926663021
2025-05-20 15:30:00-04:00,0.9891774028260694,0.00371951591677782,0.001944617734391585,0.36887808488416257,-0.12229252835211923,0.27760833189989564,1.0126646876479435,0.9933957095883981,0.9385000229703051,-0.004278327524903425,1.4850879567736717,-0.014567082690442379,3.323648458898794,-0.002839326103110884,1.3972015787827674,0.004081343696598072,0.7509551682265639
2025-05-20 16:00:00-04:00,0.9906570542843052,0.013557153302461579,0.0007317073170731714,0.3800344723562872,-0.23423178240022935,0.17524030903987065,1.0138390158107766,0.9929322403683903,0.0,0.001944617734391585,0.9385000229703051,-0.004278327524903425,1.4850879567736717,-0.014567082690442379,3.323648458898794,-0.002839326103110884,1.3972015787827674
2025-05-21 09:30:00-04:00,1.021085249987694,0.037000939751036264,0.03483686177862566,0.6910868848188891,-0.01684532844592468,-0.26504250891201153,1.0102040858628383,0.9827763395586373,3.783489961851578,0.0007317073170731714,0.0,0.001944617734391585,0.9385000229703051,-0.004278327524903425,1.4850879567736717,-0.014567082690442379,3.323648458898794
2025-05-21 10:30:00-04:00,1.0391939699343673,0.02421196651299601,0.019617257823057788,0.7651738590920294,0.5718571055868438,-0.09766258601224048,1.0161407772737483,0.9765619941458478,3.3314874667155947,0.03483686177862566,3.783489961851578,0.0007317073170731714,0.0,0.001944617734391585,0.9385000229703051,-0.004278327524903425,1.4850879567736717
2025-05-21 11:30:00-04:00,1.0308875524039645,0.009152338386832645,-0.006380896993523177,0.7048015666398422,0.938696732932641,0.10960927777673582,1.0192309523118313,0.9732613037871487,1.5400231413150147,0.019617257823057788,3.3314874667155947,0.03483686177862566,3.783489961851578,0.0007317073170731714,0.0,0.001944617734391585,0.9385000229703051
2025-05-21 12:30:00-04:00,1.0155012645874433,0.016366049975712966,-0.014049134298964261,0.5943241808565314,1.0231595115520236,0.2923193245317934,1.0200720364873062,0.9723188108139923,1.1164086519489653,-0.006380896993523177,1.5400231413150147,0.019617257823057788,3.3314874667155947,0.03483686177862566,3.783489961851578,0.0007317073170731714,0.0
2025-05-21 13:30:00-04:00,1.0155530526057024,0.011129118859547971,0.001448560930139342,0.6011683898023531,1.0972178857838628,0.4532990367822073,1.020401626979131,0.9708666172803266,0.9144023783659798,-0.014049134298964261,1.1164086519489653,-0.006380896993523177,1.5400231413150147,0.019617257823057788,3.3314874667155947,0.03483686177862566,3.783489961851578
2025-05-21 14:30:00-04:00,1.009451535870914,0.009191308619762709,-0.004988937096402246,0.5657174076762896,1.0753294162423117,0.5777051126742282,1.020094518685479,0.969876909248933,0.735671459413307,0.001448560930139342,0.9144023783659798,-0.014049134298964261,1.1164086519489653,-0.006380896993523177,1.5400231413150147,0.019617257823057788,3.3314874667155947
2025-05-21 15:30:00-04:00,1.0085874291298649,0.005636291492385588,0.00011869858544977241,0.5663693395648395,1.0475216465557367,0.6716684194505299,1.0200405912076065,0.9690296207225837,0.7775140389905718,-0.004988937096402246,0.735671459413307,0.001448560930139342,0.9144023783659798,-0.014049134298964261,1.1164086519489653,-0.006380896993523177,1.5400231413150147
2025-05-21 16:00:00-04:00,1.0077728403863606,0.041342548647365994,5.931146876991811e-05,0.5667193882291497,1.0145948411447705,0.7402537037893782,1.0205138043441564,0.9693281748830994,0.0,0.00011869858544977241,0.7775140389905718,-0.004988937096402246,0.735671459413307,0.001448560930139342,0.9144023783659798,-0.014049134298964261,1.1164086519489653
2025-05-22 09:30:00-04:00,1.0450582313792949,0.03456732441381913,0.02037132622428106,0.734776170591968,1.568662710193962,1.1778646047216128,1.0329444240880148,0.9887764639401749,3.6167057664440425,5.931146876991811e-05,0.0,0.00011869858544977241,0.7775140389905718,-0.004988937096402246,0.735671459413307,0.001448560930139342,0.9144023783659798
2025-05-22 10:30:00-04:00,1.0261266117006682,0.022901188810799063,-0.01614284336584293,0.6062493274903753,1.5952147748569985,1.2613346387486901,1.031464971240448,0.9908310939685696,1.7346154941983034,0.02037132622428106,3.6167057664440425,5.931146876991811e-05,0.0,0.00011869858544977241,0.7775140389905718,-0.004988937096402246,0.735671459413307
2025-05-22 11:30:00-04:00,1.0292708426453507,0.010613730568830861,0.0051020692521503985,0.6280375084684554,1.66803840847993,1.3426753926949382,1.028679443456476,0.9952991362245249,1.2507281936258896,-0.01614284336584293,1.7346154941983034,0.02037132622428106,3.6167057664440425,5.931146876991811e-05,0.0,0.00011869858544977241,0.7775140389905718
2025-05-22 12:30:00-04:00,1.0231744851165865,0.008514588805496116,-0.004124344343408692,0.5990337438837525,1.6490482322732305,1.4039499606105967,1.0281580852180314,0.9941355519573805,0.8250831606299026,0.0051020692521503985,1.2507281936258896,-0.01614284336584293,1.7346154941983034,0.02037132622428106,3.6167057664440425,5.931146876991811e-05,0.0
2025-05-22 13:30:00-04:00,1.0212413616077527,0.004228427537765813,-2.898944474871712e-05,0.5988252738243195,1.6149780667328457,1.4461555818350467,1.0262440700674267,0.9922863371180366,0.4885723443324773,-0.004124344343408692,0.8250831606299026,0.0051020692521503985,1.2507281936258896,-0.01614284336584293,1.7346154941983034,0.02037132622428106,3.6167057664440425
2025-05-22 14:30:00-04:00,1.0181902647952041,0.005915723376081011,-0.001274335156863482,0.5891199068335632,1.5523306537122608,1.4673905962104894,1.0250146829305509,0.9905726314531327,0.5532300379783333,-2.898944474871712e-05,0.4885723443324773,-0.004124344343408692,0.8250831606299026,0.0051020692521503985,1.2507281936258896,-0.01614284336584293,1.7346154941983034
2025-05-22 15:30:00-04:00,1.007803524557733,0.010444821756011207,-0.009163680824926801,0.5234986439101151,1.3595175127862262,1.4458159795256367,1.0241643745439957,0.9903211758361803,0.8556784530897289,-0.001274335156863482,0.5532300379783333,-2.898944474871712e-05,0.4885723443324773,-0.004124344343408692,0.8250831606299026,0.0051020692521503985,1.2507281936258896
2025-05-22 16:00:00-04:00,1.011978724683374,0.05698079161816063,0.0056193144619991475,0.5558693112282966,1.2695414977812618,1.4105610831767619,1.0232523114226675,0.9897040184827536,0.0,-0.009163680824926801,0.8556784530897289,-0.001274335156863482,0.5532300379783333,-2.898944474871712e-05,0.4885723443324773,-0.004124344343408692,0.8250831606299026
2025-05-23 09:30:00-04:00,0.9938826794333571,0.011186406848956911,-0.0006210704421230062,0.4288584673279657,0.07592980473330613,0.6204695321557586,1.0228141646194264,0.9955754380414938,1.4015674245167575,0.0056193144619991475,0.0,-0.009163680824926801,0.8556784530897289,-0.001274335156863482,0.5532300379783333,-2.898944474871712e-05,0.4885723443324773
2025-05-23 10:30:00-04:00,0.9939922880050401,0.006560677908769154,0.0017483643233973112,0.4441454638125759,-0.03711192875701386,0.48895323997320417,1.0212467285733977,0.9936429127691359,0.47475476523950977,-0.0006210704421230062,1.4015674245167575,0.0056193144619991475,0.0,-0.009163680824926801,0.8556784530897289,-0.001274335156863482,0.5532300379783333
2025-05-23 11:30:00-04:00,0.9916797105258074,0.004699356922032199,-0.0008295172175535326,0.43814297894299764,-0.13645415184362264,0.3638717616098388,1.0196728383366838,0.9906146239388514,0.42147795325136195,0.0017483643233973112,0.47475476523950977,-0.0006210704421230062,1.4015674245167575,0.0056193144619991475,0.0,-0.009163680824926801,0.8556784530897289
2025-05-23 12:30:00-04:00,0.9947658247461614,0.006355755843215889,0.004819362772543023,0.48191488430139856,-0.14771690506890423,0.2615540282740902,1.0142886930757113,0.9894305008251962,0.32771900566309886,-0.0008295172175535326,0.42147795325136195,0.0017483643233973112,0.47475476523950977,-0.0006210704421230062,1.4015674245167575,0.0056193144619991475,0.0
2025-05-23 13:30:00-04:00,0.9926705926238191,0.003774026316416965,-0.002030314635910524,0.46538652118202856,-0.1823790808420256,0.17276740645086705,1.013393499991513,0.9884756482268459,0.36853572670310886,0.004819362772543023,0.32771900566309886,-0.0008295172175535326,0.42147795325136195,0.0017483643233973112,0.47475476523950977,-0.0006210704421230062,1.4015674245167575
2025-05-23 14:30:00-04:00,0.991305650995263,0.006088362705581005,-0.0023882461075827033,0.4460464802865811,-0.2397652570088269,0.09026087375892826,1.0126934396997598,0.9887566505031156,0.5125477245613059,-0.002030314635910524,0.36853572670310886,0.004819362772543023,0.32771900566309886,-0.0008295172175535326,0.42147795325136195,0.0017483643233973112,0.47475476523950977
2025-05-23 15:30:00-04:00,0.9881190275726731,0.0066477350687247794,-0.004108215230864354,0.4142331734814305,-0.3374357484503605,0.0047215493170705,1.0125356989559646,0.9882676141029073,0.759103652341667,-0.0023882461075827033,0.5125477245613059,-0.002030314635910524,0.36853572670310886,0.004819362772543023,0.32771900566309886,-0.0008295172175535326,0.42147795325136195
2025-05-23 16:00:00-04:00,0.986188261293278,0.04362284354550862,-0.002255435287128016,0.3975383532438162,-0.440425841110482,-0.08430792876844,1.0116406221786312,0.9871037334824487,0.0,-0.004108215230864354,0.759103652341667,-0.0023882461075827033,0.5125477245613059,-0.002030314635910524,0.36853572670310886,0.004819362772543023,0.32771900566309886
2025-05-27 09:30:00-04:00,1.0108522513405553,0.016583558500590012,0.013099963072708665,0.5945180470529356,0.33557286892818183,0.07110452404066486,1.0081941544960131,0.9823895549926586,1.7943466242559782,-0.002255435287128016,0.0,-0.004108215230864354,0.759103652341667,-0.0023882461075827033,0.5125477245613059,-0.002030314635910524,0.36853572670310886
2025-05-27 10:30:00-04:00,1.007326417743325,0.006859115351245281,-0.002464357156514274,0.5725913470534787,0.415984257205281,0.1400804706735881,1.008606061561838,0.9818819133332044,0.8561204619084049,0.013099963072708665,1.7943466242559782,-0.002255435287128016,0.0,-0.004108215230864354,0.759103652341667,-0.0023882461075827033,0.5125477245613059
2025-05-27 11:30:00-04:00,1.006282995524166,0.004621222677545342,-1.7473080369256877e-05,0.572430538199429,0.47400427790873323,0.20686523212061714,1.0088701315285993,0.9813292128765725,0.6324010606080338,-0.002464357156514274,0.8561204619084049,0.013099963072708665,1.7943466242559782,-0.002255435287128016,0.0,-0.004108215230864354,0.759103652341667
2025-05-27 12:30:00-04:00,1.0074152594864203,0.004059836188817826,0.0022553972139618406,0.5884951699070469,0.5450114068366076,0.27449446706381525,1.0092022414037387,0.9807773632042553,0.5604117530813986,-1.7473080369256877e-05,0.6324010606080338,-0.002464357156514274,0.8561204619084049,0.013099963072708665,1.7943466242559782,-0.002255435287128016,0.0
2025-05-27 13:30:00-04:00,1.01001554886304,0.003820902884634156,0.001826948409415996,0.6015830186172271,0.6195612164867441,0.34350781694840105,1.0115464154052796,0.9819688134710375,0.5078827483463468,0.0022553972139618406,0.5604117530813986,-1.7473080369256877e-05,0.6324010606080338,-0.002464357156514274,0.8561204619084049,0.013099963072708665,1.7943466242559782
2025-05-27 14:30:00-04:00,1.0092462896168093,0.0028967035411157664,-0.0007236518340714149,0.5935161195303064,0.6609371503552381,0.4069936836297685,1.0128061727577276,0.9826797301696447,0.6245287995522002,0.001826948409415996,0.5078827483463468,0.0022553972139618406,0.5604117530813986,-1.7473080369256877e-05,0.6324010606080338,-0.002464357156514274,0.8561204619084049
2025-05-27 15:30:00-04:00,1.0109668628192567,0.003412750585532183,0.0015642446643080454,0.6058120035377766,0.707360947623954,0.46706713642860564,1.0143214028493341,0.9831725827670059,1.0513329700822969,-0.0007236518340714149,0.6245287995522002,0.001826948409415996,0.5078827483463468,0.0022553972139618406,0.5604117530813986,-1.7473080369256877e-05,0.6324010606080338
2025-05-27 16:00:00-04:00,1.0104465552356325,0.09395204133362041,-0.0004697181890268576,0.5999341842527164,0.7291938927511694,0.5194924876931184,1.0154681571787227,0.9838182111850595,0.0,0.0015642446643080454,1.0513329700822969,-0.0007236518340714149,0.6245287995522002,0.001826948409415996,0.5078827483463468,0.0022553972139618406,0.5604117530813986
2025-05-28 09:30:00-04:00,1.0127378039219568,0.015327322252550311,0.0005198476330106061,0.5970490168533273,0.6711640508808046,0.6820743542350276,1.0156979562460209,1.0023815957421518,2.170224858663363,-0.0004697181890268576,0.0,0.0015642446643080454,1.0513329700822969,-0.0007236518340714149,0.6245287995522002,0.001826948409415996,0.5078827483463468
2025-05-28 10:30:00-04:00,1.0135275622253384,0.005118058617051513,0.0010679919021479023,0.6108958075046632,0.6597614360522357,0.6776117705984692,1.015505088246451,1.003364158964844,1.0355452046417448,0.0005198476330106061,2.170224858663363,-0.0004697181890268576,0.0,0.0015642446643080454,1.0513329700822969,-0.0007236518340714149,0.6245287995522002
2025-05-28 11:30:00-04:00,1.0099956188562438,0.004424391400186842,-0.002883423220321202,0.5553498734369222,0.6034230747358151,0.6627740314259385,1.0130823874649653,1.0061317985117602,0.6781359263859313,0.0010679919021479023,1.0355452046417448,0.0005198476330106061,2.170224858663363,-0.0004697181890268576,0.0,0.0015642446643080454,1.0513329700822969
2025-05-28 12:30:00-04:00,1.0103628210811095,0.003120807316317354,0.0007229403480668584,0.5659747720747634,0.5623782266988826,0.6426948704805273,1.0128165154617874,1.0060053770298367,0.4602016447844248,-0.002883423220321202,0.6781359263859313,0.0010679919021479023,1.0355452046417448,0.0005198476330106061,2.170224858663363,-0.0004697181890268576,0.0
2025-05-28 13:30:00-04:00,1.0063096773461924,0.0048685014598074654,-0.0029763589740604557,0.5117220096023128,0.48272914115156595,0.610701724614735,1.0115613511842432,1.0054443803947901,0.5119117594125925,0.0007229403480668584,0.4602016447844248,-0.002883423220321202,0.6781359263859313,0.0010679919021479023,1.0355452046417448,0.0005198476330106061,2.170224858663363
2025-05-28 14:30:00-04:00,1.0066806929015566,0.005846397952528566,0.0013912152219412999,0.5341342226681884,0.43397056200194584,0.5753554920921772,1.0102307584725105,1.0051367095621615,0.8161641452895417,-0.0029763589740604557,0.5119117594125925,0.0007229403480668584,0.4602016447844248,-0.002883423220321202,0.6781359263859313,0.0010679919021479023,1.0355452046417448
2025-05-28 15:30:00-04:00,1.003428748440719,0.00617486965270674,-0.0022864997325483527,0.4939491180754229,0.3593135501983227,0.5321471037134062,1.0093052957079025,1.0041206519888495,0.8508114336602635,0.0013912152219412999,0.8161641452895417,-0.0029763589740604557,0.5119117594125925,0.0007229403480668584,0.4602016447844248,-0.002883423220321202,0.6781359263859313
2025-05-28 16:00:00-04:00,1.0060882340390005,0.12061397930276918,0.003539100646834159,0.5502249990325915,0.34538776804271265,0.4947952365792675,1.0084529239768643,1.0033266856752785,0.0,-0.0022864997325483527,0.8508114336602635,0.0013912152219412999,0.8161641452895417,-0.0029763589740604557,0.5119117594125925,0.0007229403480668584,0.4602016447844248
2025-05-29 09:30:00-04:00,1.0012885642537042,0.01816405270889564,-0.009998857721544296,0.41547553958095457,0.42333400429640733,0.5748672469639273,1.0168557620268628,1.0008815343174515,2.7980479886608376,0.003539100646834159,0.0,-0.0022864997325483527,0.8508114336602635,0.0013912152219412999,0.8161641452895417,-0.0029763589740604557,0.5119117594125925
2025-05-29 10:30:00-04:00,1.0006617343847137,0.0035977201334641542,0.0002902429307645171,0.42014823539600116,0.27569302571558296,0.5150324027142585,1.0159091322196347,0.9992540847833461,0.7146472156601407,-0.009998857721544296,2.7980479886608376,0.003539100646834159,0.0,-0.0022864997325483527,0.8508114336602635,0.0013912152219412999,0.8161641452895417
2025-05-29 11:30:00-04:00,0.9947493158411445,0.010002311155584021,-0.005048425160700698,0.36541444558314695,0.08747677359639283,0.4295212768906854,1.0154030131186174,0.997049330775094,0.7526032997117801,0.0002902429307645171,0.7146472156601407,-0.009998857721544296,2.7980479886608376,0.003539100646834159,0.0,-0.0022864997325483527,0.8508114336602635
2025-05-29 12:30:00-04:00,0.9932678417278685,0.004668363978348279,-0.0005430370186253475,0.36000906161242185,-0.06841049731880844,0.32993492204878666,1.0147084949208336,0.9947644311469509,0.5375021022241175,-0.005048425160700698,0.7526032997117801,0.0002902429307645171,0.7146472156601407,-0.009998857721544296,2.7980479886608376,0.003539100646834159,0.0
2025-05-29 13:30:00-04:00,0.9914230537778841,0.004035691865912219,-0.0022868563591890156,0.33738723270125576,-0.22102679059000252,0.21974257952102885,1.0154031671644272,0.9935258702863937,0.5814369474858213,-0.0005430370186253475,0.5375021022241175,-0.005048425160700698,0.7526032997117801,0.0002902429307645171,0.7146472156601407,-0.009998857721544296,2.7980479886608376
2025-05-29 14:30:00-04:00,0.9947797643534168,0.004865716213553498,0.003238459768650115,0.39521121605975346,-0.29390968085581903,0.11701212744565928,1.015606811538794,0.9928189836357999,0.5878789921263573,-0.0022868563591890156,0.5814369474858213,-0.0005430370186253475,0.5375021022241175,-0.005048425160700698,0.7526032997117801,0.0002902429307645171,0.7146472156601407
2025-05-29 15:30:00-04:00,0.9967508428405926,0.004770746594806702,0.0019314483505250557,0.42740901340058557,-0.32123386579081625,0.029362928798364177,1.0155797903653039,0.9922676060073558,0.9378769702350404,0.003238459768650115,0.5878789921263573,-0.0022868563591890156,0.5814369474858213,-0.0005430370186253475,0.5375021022241175,-0.005048425160700698,0.7526032997117801
2025-05-29 16:00:00-04:00,0.9791477335929502,0.11654247692418981,-0.018737347834953955,0.2744594289949045,-0.5958630181663125,-0.09568226059457116,1.0183006976888387,0.9895001514503129,0.0,0.0019314483505250557,0.9378769702350404,0.003238459768650115,0.5878789921263573,-0.0022868563591890156,0.5814369474858213,-0.0005430370186253475,0.5375021022241175
2025-05-30 09:30:00-04:00,0.9908671841955129,0.010554107414536692,-0.003796711146274445,0.42162367496515246,-0.4376464904367481,-0.39300030583264284,1.0071079792017497,0.9874049185902256,2.2382319443036165,-0.018737347834953955,0.0,0.0019314483505250557,0.9378769702350404,0.003238459768650115,0.5878789921263573,-0.0022868563591890156,0.5814369474858213
2025-05-30 10:30:00-04:00,0.9898580164828411,0.006813668814004174,-0.001700431191630436,0.40767618396116967,-0.49800126226358543,-0.41400049711883136,1.0055670519874111,0.9880210170280121,1.0115331785292143,-0.003796711146274445,2.2382319443036165,-0.018737347834953955,0.0,0.0019314483505250557,0.9378769702350404,0.003238459768650115,0.5878789921263573
2025-05-30 11:30:00-04:00,0.9818156447459139,0.010671744064139203,-0.009338637314632248,0.3410610072804613,-0.6664498510506291,-0.46449036790519094,1.0051821428783598,0.9877344867863731,0.9628906083112273,-0.001700431191630436,1.0115331785292143,-0.003796711146274445,2.2382319443036165,-0.018737347834953955,0.0,0.0019314483505250557,0.9378769702350404
2025-05-30 12:30:00-04:00,0.9828300539188382,0.007293622574915056,-0.00017848811968423917,0.33992839569030664,-0.7932319566210424,-0.5302386856483612,1.0062975978044126,0.9869128038669513,1.5189084426975876,-0.009338637314632248,0.9628906083112273,-0.001700431191630436,1.0115331785292143,-0.003796711146274445,2.2382319443036165,-0.018737347834953955,0.0
2025-05-30 13:30:00-04:00,0.9900793206091996,0.00792529118787209,0.006345557503521615,0.4143736731731474,-0.7981577554945147,-0.5838224996175919,1.0064785094168602,0.987244161680192,0.9491996290869514,-0.00017848811968423917,1.5189084426975876,-0.009338637314632248,0.9628906083112273,-0.001700431191630436,1.0115331785292143,-0.003796711146274445,2.2382319443036165
2025-05-30 14:30:00-04:00,0.9978616657806799,0.0083665337578393,0.007129759043131623,0.4850892298439877,-0.6963976498707325,-0.6063375296682201,1.006979491497064,0.9878741473849673,1.1598090340811888,0.006345557503521615,0.9491996290869514,-0.00017848811968423917,1.5189084426975876,-0.009338637314632248,0.9628906083112273,-0.001700431191630436,1.0115331785292143
2025-05-30 15:30:00-04:00,1.0022689033320735,0.00836196931117073,0.004036990690371001,0.5206369638710463,-0.553691986037677,-0.5958084209421115,1.0074932550216724,0.9882567483898443,1.9821041322661612,0.007129759043131623,1.1598090340811888,0.006345557503521615,0.9491996290869514,-0.00017848811968423917,1.5189084426975876,-0.009338637314632248,0.9628906083112273
2025-05-30 16:00:00-04:00,1.0002429717478134,0.09581463117682351,-0.0025633739804615807,0.49707608762334815,-0.47066746065760867,-0.570780228885211,1.008114091911632,0.9888344495266295,0.0,0.004036990690371001,1.9821041322661612,0.007129759043131623,1.1598090340811888,0.006345557503521615,0.9491996290869514,-0.00017848811968423917,1.5189084426975876
2025-06-02 09:30:00-04:00,0.9887995110660575,0.014671059075003576,0.007089623390722721,0.4208647284231958,-0.777377657385955,-0.5935714638788605,1.005038871121665,0.9842240673360496,3.3511959613562277,-0.0025633739804615807,0.0,0.004036990690371001,1.9821041322661612,0.007129759043131623,1.1598090340811888,0.006345557503521615,0.9491996290869514
2025-06-02 10:30:00-04:00,0.989429839479837,0.00514920893350768,-0.0004731813502277804,0.41668122140546077,-0.7614589731774117,-0.6271489657385708,1.0055628601966529,0.9847158784023307,0.8187991641381618,0.007089623390722721,3.3511959613562277,-0.0025633739804615807,0.0,0.004036990690371001,1.9821041322661612,0.007129759043131623,1.1598090340811888
2025-06-02 11:30:00-04:00,0.9911400329988672,0.004613011147786911,0.0007693514373705579,0.4266556899150071,-0.7299399318021926,-0.6477071589512952,1.005700707927177,0.9852486614645491,0.5807971722518178,-0.0004731813502277804,0.8187991641381618,0.007089623390722721,3.3511959613562277,-0.0025633739804615807,0.0,0.004036990690371001,1.9821041322661612
2025-06-02 12:30:00-04:00,0.9934116499943583,0.0023627035695715434,0.0012123829646613071,0.4428364977912572,-0.6805736999647536,-0.6542804671539869,1.0063576347280634,0.9860020138880703,0.4651972816622525,0.0007693514373705579,0.5807971722518178,-0.0004731813502277804,0.8187991641381618,0.007089623390722721,3.3511959613562277,-0.0025633739804615807,0.0
2025-06-02 13:30:00-04:00,0.9913797919215942,0.005214071483553054,-0.003071586745533983,0.4111402031258695,-0.6756224494626792,-0.6585488636157254,1.0070767677939412,0.9864615608252129,0.8376503251101701,0.0012123829646613071,0.4651972816622525,0.0007693514373705579,0.5807971722518178,-0.0004731813502277804,0.8187991641381618,0.007089623390722721,3.3511959613562277
2025-06-02 14:30:00-04:00,0.9952935288181411,0.00375092759181976,0.0030513962866105526,0.45290517388335055,-0.6229612910692595,-0.6514313491064322,1.0079874404950544,0.9876969112572981,0.6355157219836164,-0.003071586745533983,0.8376503251101701,0.0012123829646613071,0.4651972816622525,0.0007693514373705579,0.5807971722518178,-0.0004731813502277804,0.8187991641381618
2025-06-02 15:30:00-04:00,0.9943076236941304,0.0036982248520710057,-0.0017129972097208457,0.43422911936488207,-0.5977366423206831,-0.6406924077492824,1.008695985429201,0.9886444509028246,1.1487931583199817,0.0030513962866105526,0.6355157219836164,-0.003071586745533983,0.8376503251101701,0.0012123829646613071,0.4651972816622525,0.0007693514373705579,0.5807971722518178
2025-06-02 16:00:00-04:00,0.9950563685024565,0.022306372403999825,5.9171597633023154e-05,0.4350941881353046,-0.5703642064940766,-0.6266267674982413,1.0092883251822369,0.9890257701911425,0.0,-0.0017129972097208457,1.1487931583199817,0.0030513962866105526,0.6355157219836164,-0.003071586745533983,0.8376503251101701,0.0012123829646613071,0.4651972816622525
2025-06-03 09:30:00-04:00,0.9862066632765141,0.017391118793077694,-0.0009732172093297464,0.33466191139128354,-0.6131822096268706,-0.5537811148962508,0.9988009350701367,0.9886046525089469,3.7508653124959013,5.9171597633023154e-05,0.0,-0.0017129972097208457,1.1487931583199817,0.0030513962866105526,0.6355157219836164,-0.003071586745533983,0.8376503251101701
2025-06-03 10:30:00-04:00,0.9852945700586782,0.004552323616310968,-0.002273949652478513,0.3113099182609051,-0.6797865178307063,-0.578982195483142,1.000646931355554,0.9889068421159244,1.2212865175930852,-0.0009732172093297464,3.7508653124959013,5.9171597633023154e-05,0.0,-0.0017129972097208457,1.1487931583199817,0.0030513962866105526,0.6355157219836164
2025-06-03 11:30:00-04:00,0.9901436476520281,0.005669124635138665,0.003644820229510959,0.3851934148792801,-0.6756820134380348,-0.5983221590741206,1.0019965796607202,0.9899135620990247,0.6783057113870855,-0.002273949652478513,1.2212865175930852,-0.0009732172093297464,3.7508653124959013,5.9171597633023154e-05,0.0,-0.0017129972097208457,1.1487931583199817
2025-06-03 12:30:00-04:00,0.9936266628038041,0.0063348319367163035,0.003363117213514011,0.44461551262490784,-0.6198140219738661,-0.6026205316540697,1.0018402278622822,0.9898321423830054,0.761660811619463,0.003644820229510959,0.6783057113870855,-0.002273949652478513,1.2212865175930852,-0.0009732172093297464,3.7508653124959013,5.9171597633023154e-05,0.0
2025-06-03 13:30:00-04:00,0.9904425606213757,0.005226220600572438,-0.00412504694669924,0.39412877377053085,-0.6243010703337006,-0.6069566393899959,1.002569649692452,0.9900356233182342,0.5509075155079546,0.003363117213514011,0.761660811619463,0.003644820229510959,0.6783057113870855,-0.002273949652478513,1.2212865175930852,-0.0009732172093297464,3.7508653124959013
2025-06-03 14:30:00-04:00,0.9886567850456769,0.005375579047533922,-0.002777341074599704,0.36426148658965657,-0.6577957469107787,-0.6171244608941524,1.003355210241722,0.9899356543652998,0.7861900003897653,-0.00412504694669924,0.5509075155079546,0.003363117213514011,0.761660811619463,0.003644820229510959,0.6783057113870855,-0.002273949652478513,1.2212865175930852
2025-06-03 15:30:00-04:00,0.9847076053034743,0.005778450314170179,-0.004731723246009345,0.31990603472366447,-0.7395623917223872,-0.6416120470597995,1.0040337568674564,0.9888817689714392,1.1043311436203704,-0.002777341074599704,0.7861900003897653,-0.00412504694669924,0.5509075155079546,0.003363117213514011,0.761660811619463,0.003644820229510959,0.6783057113870855
2025-06-03 16:00:00-04:00,0.9866690608657224,0.0674661938818438,0.0013239563909184238,0.3438670273351376,-0.7776465127672907,-0.6688189402012978,1.0046073711008547,0.9882233156846918,0.0,-0.004731723246009345,1.1043311436203704,-0.002777341074599704,0.7861900003897653,-0.00412504694669924,0.5509075155079546,0.003363117213514011,0.761660811619463
2025-06-04 09:30:00-04:00,0.9920904937216878,0.010650933264136738,0.0028715997523152126,0.46889704760027157,-0.5096061377036847,-0.6211664567528371,0.9961042579656053,0.9860868247988588,1.4485720826582105,0.0013239563909184238,0.0,-0.004731723246009345,1.1043311436203704,-0.002777341074599704,0.7861900003897653,-0.00412504694669924,0.5509075155079546
2025-06-04 10:30:00-04:00,0.9902641141482137,0.00588020944440833,-0.003102620309937132,0.4188118502030516,-0.49082908142264614,-0.595098981686799,0.9960014390887802,0.9876644427075091,0.7415986582598364,0.0028715997523152126,1.4485720826582105,0.0013239563909184238,0.0,-0.004731723246009345,1.1043311436203704,-0.002777341074599704,0.7861900003897653
2025-06-04 11:30:00-04:00,0.9925142759978565,0.004196624313160111,0.0008400299206297035,0.436313179420051,-0.4593561762569891,-0.567950420600837,0.9970615832870122,0.9890324579098446,0.7109365410764612,-0.003102620309937132,0.7415986582598364,0.0028715997523152126,1.4485720826582105,0.0013239563909184238,0.0,-0.004731723246009345,1.1043311436203704
2025-06-04 12:30:00-04:00,0.9956463570625574,0.004487658937920718,0.001948422915444059,0.47577776490222073,-0.4035374065237818,-0.535067817785426,0.9981336840312534,0.9902331288027268,0.5014698627584014,0.0008400299206297035,0.7109365410764612,-0.003102620309937132,0.7415986582598364,0.0028715997523152126,1.4485720826582105,0.0013239563909184238,0.0
2025-06-04 13:30:00-04:00,0.9986781234623203,0.0045357470559715994,0.002602827575729272,0.5238310373608409,-0.3205053753461584,-0.4921553292975725,0.9989731964998845,0.9906362316006174,0.7872407005760207,0.001948422915444059,0.5014698627584014,0.0008400299206297035,0.7109365410764612,-0.003102620309937132,0.7415986582598364,0.0028715997523152126,1.4485720826582105
2025-06-04 14:30:00-04:00,0.9997180626498833,0.0025943672889853784,0.0006564849125942906,0.5354282413227479,-0.2430243292918135,-0.4423291292964207,0.9994681196688697,0.9909750400793225,0.5954987963935268,0.002602827575729272,0.7872407005760207,0.001948422915444059,0.5014698627584014,0.0008400299206297035,0.7109365410764612,-0.003102620309937132,0.7415986582598364
2025-06-04 15:30:00-04:00,1.0023511867037806,0.0035998794259659087,0.0023259938802855373,0.5749541203843668,-0.14843923558163397,-0.38355115055346334,0.9996924158226572,0.9913272329336648,1.0610152433305964,0.0006564849125942906,0.5954987963935268,0.002602827575729272,0.7872407005760207,0.001948422915444059,0.5014698627584014,0.0008400299206297035,0.7109365410764612
2025-06-04 16:00:00-04:00,0.9761530153235973,0.03996053341102613,-0.02785491863976508,0.2738130868761289,-0.4460793322425616,-0.396056786891283,1.0040216114012528,0.988099447547962,0.0,0.0023259938802855373,1.0610152433305964,0.0006564849125942906,0.5954987963935268,0.002602827575729272,0.7872407005760207,0.001948422915444059,0.5014698627584014
2025-06-05 09:30:00-04:00,1.0130175483264559,0.01474143554445869,-0.004461424491396304,0.57133901054777,0.6594692139636891,0.3109711444683298,1.0173777932092696,0.9887316768776834,2.142245934750463,-0.02785491863976508,0.0,0.0023259938802855373,1.0610152433305964,0.0006564849125942906,0.5954987963935268,0.002602827575729272,0.7872407005760207
2025-06-05 10:30:00-04:00,1.0148261869150748,0.011063733111953309,0.001975391951773542,0.5860625587454014,0.6906753708777842,0.3869119897502207,1.0183780860159197,0.989486048526735,0.9523990190998397,-0.004461424491396304,2.142245934750463,-0.02785491863976508,0.0,0.0023259938802855373,1.0610152433305964,0.0006564849125942906,0.5954987963935268
2025-06-05 11:30:00-04:00,1.0146593310835619,0.004383742299449895,0.00011772412594779347,0.5869748404419477,0.7088494771363969,0.45129948722745594,1.0191855754345815,0.9900495591710875,0.7914215395112705,0.001975391951773542,0.9523990190998397,-0.004461424491396304,2.142245934750463,-0.02785491863976508,0.0,0.0023259938802855373,1.0610152433305964
2025-06-05 12:30:00-04:00,1.0144611824625385,0.00800188607100472,8.826025480002109e-05,0.5877085667164276,0.7162069250643697,0.5042809747948387,1.0199067378704405,0.9904188514992404,0.6595316785754893,0.00011772412594779347,0.7914215395112705,0.001975391951773542,0.9523990190998397,-0.004461424491396304,2.142245934750463,-0.02785491863976508,0.0
2025-06-05 13:30:00-04:00,1.0135309950400544,0.00585447436605635,-0.00013888765443170747,0.5859444169018986,0.7119263574658419,0.5458100513290394,1.019923776450955,0.9907915841143138,1.052134841676959,8.826025480002109e-05,0.6595316785754893,0.00011772412594779347,0.7914215395112705,0.001975391951773542,0.9523990190998397,-0.004461424491396304,2.142245934750463
2025-06-05 14:30:00-04:00,1.002856605036136,0.014624525039480448,-0.010159063269734814,0.4739032732657645,0.5627414235272852,0.5491963257686886,1.0195290706488824,0.9912695961000386,1.2888942465763567,-0.00013888765443170747,1.052134841676959,8.826025480002109e-05,0.6595316785754893,0.00011772412594779347,0.7914215395112705,0.001975391951773542,0.9523990190998397
2025-06-05 15:30:00-04:00,1.0027174161305321,0.005701409936771541,5.941683869581382e-05,0.47452970716523674,0.4402429154480956,0.52740564370457,1.019342784160191,0.9917100502154799,1.333342525548147,-0.010159063269734814,1.2888942465763567,-0.00013888765443170747,1.052134841676959,8.826025480002109e-05,0.6595316785754893,0.00011772412594779347,0.7914215395112705
2025-06-05 16:00:00-04:00,0.9997425152293838,0.40925283243887894,-0.003091197342347529,0.44485055658462314,0.2977697087151512,0.48147845670668626,1.019468472982647,0.9919186909101297,0.0,5.941683869581382e-05,1.333342525548147,-0.010159063269734814,1.2888942465763567,-0.00013888765443170747,1.052134841676959,8.826025480002109e-05,0.6595316785754893
2025-06-06 09:30:00-04:00,1.0279337026673505,0.016709920519113377,0.010355098275564245,0.7177560620989955,0.6605743951456589,0.33052771544460563,1.0196920806963659,0.996591531917311,2.691298212065988,-0.003091197342347529,0.0,5.941683869581382e-05,1.333342525548147,-0.010159063269734814,1.2888942465763567,-0.00013888765443170747,1.052134841676959
2025-06-06 10:30:00-04:00,1.02460220493211,0.00786975461420848,-0.001621301587983126,0.6941547773219751,0.8204502298337388,0.42851221832243225,1.0198218291415644,0.9942723083236213,1.0730223592681836,0.010355098275564245,2.691298212065988,-0.003091197342347529,0.0,5.941683869581382e-05,1.333342525548147,-0.010159063269734814,1.2888942465763567
2025-06-06 11:30:00-04:00,1.0241661974739944,0.005443521093854105,0.0015079138707632112,0.7038912735538849,0.9570995170453784,0.5342296780670215,1.019910556314135,0.9916772099437982,0.7597671315435851,-0.001621301587983126,1.0730223592681836,0.010355098275564245,2.691298212065988,-0.003091197342347529,0.0,5.941683869581382e-05,1.333342525548147
2025-06-06 12:30:00-04:00,1.0234951270115873,0.00560330288812086,0.0012740400164146237,0.7122391928817821,1.0708037623294615,0.6415444949195095,1.0203192777897454,0.9893518978888639,0.6254563250346806,0.0015079138707632112,0.7597671315435851,-0.001621301587983126,1.0730223592681836,0.010355098275564245,2.691298212065988,-0.003091197342347529,0.0
2025-06-06 13:30:00-04:00,1.0280154014973277,0.009481906170569614,0.006448846341958969,0.7506131959962857,1.2366317002565097,0.7605619359869096,1.021532110740542,0.9864971203043841,1.1062777381417328,0.0012740400164146237,0.6254563250346806,0.0015079138707632112,0.7597671315435851,-0.001621301587983126,1.0730223592681836,0.010355098275564245,2.691298212065988
2025-06-06 14:30:00-04:00,1.0229130347982267,0.005360239038043371,-0.0029525842433963945,0.7040235602338839,1.3114747933053934,0.8707445074506064,1.0218105638075667,0.9842657314330682,1.172735510545786,0.006448846341958969,1.1062777381417328,0.0012740400164146237,0.6254563250346806,0.0015079138707632112,0.7597671315435851,-0.001621301587983126,1.0730223592681836
2025-06-06 15:30:00-04:00,1.02172709705716,0.004578164105316491,0.0008575643711949965,0.7096439816423207,1.3670361268534919,0.9700028313311836,1.0220140212365025,0.9821907364661162,1.6667513331566988,-0.0029525842433963945,1.172735510545786,0.006448846341958969,1.1062777381417328,0.0012740400164146237,0.6254563250346806,0.0015079138707632112,0.7597671315435851
2025-06-06 16:00:00-04:00,1.0197695836456446,0.04964526346098461,3.51483779859052e-08,0.7096442252201323,1.394988813795777,1.0550000278241023,1.0221267849846425,0.9804189051549097,0.0,0.0008575643711949965,1.6667513331566988,-0.0029525842433963945,1.172735510545786,0.006448846341958969,1.1062777381417328,0.0012740400164146237,0.6254563250346806
2025-06-09 09:30:00-04:00,1.0287367356014654,0.011959713806671251,0.005958157192154756,0.7376801919685905,1.3232324089220526,1.2790685484434883,1.026566902249569,1.005327500239178,2.235096576797609,3.51483779859052e-08,0.0,0.0008575643711949965,1.6667513331566988,-0.0029525842433963945,1.172735510545786,0.006448846341958969,1.1062777381417328
2025-06-09 10:30:00-04:00,1.0254682302137148,0.006669316637934484,-0.0009112344976730524,0.7192095421801935,1.3367508825352843,1.2906050152618476,1.0243280665774808,1.0059975605852538,0.8429841027494578,0.005958157192154756,2.235096576797609,3.51483779859052e-08,0.0,0.0008575643711949965,1.6667513331566988,-0.0029525842433963945,1.172735510545786
2025-06-09 11:30:00-04:00,1.0237068260654079,0.004444184398094177,0.00045603280165740223,0.7229449227296624,1.338490563398608,1.3001821248891996,1.0222898208912767,1.0062959156140878,0.637733986825052,-0.0009112344976730524,0.8429841027494578,0.005958157192154756,2.235096576797609,3.51483779859052e-08,0.0,0.0008575643711949965,1.6667513331566988
2025-06-09 12:30:00-04:00,1.0229655536327846,0.0045373292065342945,0.002962818578634785,0.7465465716755605,1.3660819298166302,1.3133620858746857,1.0200900477013453,1.0029737085645227,0.5041994234939272,0.00045603280165740223,0.637733986825052,-0.0009112344976730524,0.8429841027494578,0.005958157192154756,2.235096576797609,3.51483779859052e-08,0.0
2025-06-09 13:30:00-04:00,1.0206420940699796,0.0038077813189341405,-0.0004260464055119151,0.7367978882307351,1.3661485494602346,1.3239193785917955,1.019289335158613,1.0020902776778255,0.6804362152665887,0.002962818578634785,0.5041994234939272,0.00045603280165740223,0.637733986825052,-0.0009112344976730524,0.8429841027494578,0.005958157192154756,2.235096576797609
2025-06-09 14:30:00-04:00,1.0193822961087307,0.0031809005900960623,0.0005399177046092607,0.741404486356744,1.3582105448557797,1.3307776118445924,1.0185187284314647,1.0012277507950622,0.6749697816812208,-0.0004260464055119151,0.6804362152665887,0.002962818578634785,0.5041994234939272,0.00045603280165740223,0.637733986825052,-0.0009112344976730524,0.8429841027494578
2025-06-09 15:30:00-04:00,1.017528815598271,0.0032662859019063693,-5.685751463491151e-05,0.7399350054847238,1.335714627809807,1.3317650150376354,1.01760982350862,1.0003938607867124,0.9344051139799728,0.0005399177046092607,0.6749697816812208,-0.0004260464055119151,0.6804362152665887,0.002962818578634785,0.5041994234939272,0.00045603280165740223,0.637733986825052
2025-06-09 16:00:00-04:00,1.0156345021791622,0.04138393364390413,-0.00011357240908493882,0.7367937762380292,1.3012728964405653,1.3256665913182215,1.0167541023055,0.9988783773256331,0.0,-5.685751463491151e-05,0.9344051139799728,0.0005399177046092607,0.6749697816812208,-0.0004260464055119151,0.6804362152665887,0.002962818578634785,0.5041994234939272
2025-06-10 09:30:00-04:00,1.0335737174672803,0.025301998805324258,0.01888828634607198,0.804744003531436,1.1162239616231489,1.0666704154307185,1.0213695403031797,1.0042374660076798,4.526705063650978,-0.00011357240908493882,0.0,-5.685751463491151e-05,0.9344051139799728,0.0005399177046092607,0.6749697816812208,-0.0004260464055119151,0.6804362152665887
2025-06-10 10:30:00-04:00,1.0293403981693325,0.009834290199428533,-0.0008684844131512381,0.7872362595902536,1.2668331732398599,1.1067029669925468,1.0210591697192346,1.0009895813603136,1.889727294493472,0.01888828634607198,4.526705063650978,-0.00011357240908493882,0.0,-5.685751463491151e-05,0.9344051139799728,0.0005399177046092607,0.6749697816812208
2025-06-10 11:30:00-04:00,1.0297484281072886,0.009380569543774989,0.003821711394857097,0.807106089719179,1.4251104942136408,1.1703844724367656,1.020947875513597,0.9974075719590068,1.1461718090082522,-0.0008684844131512381,1.889727294493472,0.01888828634607198,4.526705063650978,-0.00011357240908493882,0.0,-5.685751463491151e-05,0.9344051139799728
2025-06-10 12:30:00-04:00,1.022041892408192,0.004626285124088542,-0.004162375765004334,0.7271510508454311,1.473055827585739,1.2309187434665603,1.0195939801884433,0.9942055636733551,0.49783257889480853,0.003821711394857097,1.1461718090082522,-0.0008684844131512381,1.889727294493472,0.01888828634607198,4.526705063650978,-0.00011357240908493882,0.0
2025-06-10 13:30:00-04:00,1.0162242562426593,0.007191112784014542,-0.003994790188040054,0.659869052855442,1.436659800074466,1.2720669547881414,1.0189962763818807,0.9932272088203123,0.6169317207172587,-0.004162375765004334,0.49783257889480853,0.003821711394857097,1.1461718090082522,-0.0008684844131512381,1.889727294493472,0.01888828634607198,4.526705063650978
2025-06-10 14:30:00-04:00,1.009707480927101,0.024350476058410044,-0.00488709438875623,0.5884246592982066,1.322107961888122,1.2820751562081374,1.017887760813443,0.9925624052260907,2.136307607086132,-0.003994790188040054,0.6169317207172587,-0.004162375765004334,0.49783257889480853,0.003821711394857097,1.1461718090082522,-0.0008684844131512381,1.889727294493472
2025-06-10 15:30:00-04:00,1.012596290955958,0.005654114534109368,0.004555154230293512,0.628591830435901,1.281907803175386,1.2820416856015873,1.0170811805010112,0.9914523508303377,0.9773419229763026,-0.00488709438875623,2.136307607086132,-0.003994790188040054,0.6169317207172587,-0.004162375765004334,0.49783257889480853,0.003821711394857097,1.1461718090082522
2025-06-10 16:00:00-04:00,1.0103095624192906,0.04907792280544503,-0.0006718069726933118,0.6189539806908926,1.2262302773137037,1.2708794039440106,1.0161953118414953,0.9905956352723473,0.0,0.004555154230293512,0.9773419229763026,-0.00488709438875623,2.136307607086132,-0.003994790188040054,0.6169317207172587,-0.004162375765004334,0.49783257889480853
2025-06-11 09:30:00-04:00,1.0122190602946692,0.012316762262173785,-0.0034053777464622126,0.6016306868407648,0.8360417990091946,0.9522065423299394,1.0178607306667296,1.0017562284540882,2.326200917938862,-0.0006718069726933118,0.0,0.004555154230293512,0.9773419229763026,-0.00488709438875623,2.136307607086132,-0.003994790188040054,0.6169317207172587
2025-06-11 10:30:00-04:00,1.0091539398566312,0.003858392062463289,-0.0015264327079335116,0.5752445225861749,0.7767234047296938,0.9171099148098903,1.0155745041621689,1.0024392233984385,0.5005919527967387,-0.0034053777464622126,2.326200917938862,-0.0006718069726933118,0.0,0.004555154230293512,0.9773419229763026,-0.00488709438875623,2.136307607086132
2025-06-11 11:30:00-04:00,1.0026944494284804,0.008138878829771776,-0.005209426558638541,0.4954964269630977,0.6470808547194622,0.8631041027918048,1.0130521878505132,1.0034463464465844,0.6036497618684873,-0.0015264327079335116,0.5005919527967387,-0.0034053777464622126,2.326200917938862,-0.0006718069726933118,0.0,0.004555154230293512,0.9773419229763026
2025-06-11 12:30:00-04:00,1.0007997874995307,0.0033470282185018713,-0.0007306893113164792,0.4853849792450976,0.5277653728267069,0.7960363567987853,1.0115422589109027,1.001570551321618,0.41573450295773084,-0.005209426558638541,0.6036497618684873,-0.0015264327079335116,0.5005919527967387,-0.0034053777464622126,2.326200917938862,-0.0006718069726933118,0.0
2025-06-11 13:30:00-04:00,0.9988443200315634,0.006083866223535818,-0.0014119765654807548,0.4656256727194117,0.40824680515149225,0.7184784464693268,1.01077746273473,1.000142823442433,0.6028546672729617,-0.0007306893113164792,0.41573450295773084,-0.005209426558638541,0.6036497618684873,-0.0015264327079335116,0.5005919527967387,-0.0034053777464622126,2.326200917938862
2025-06-11 14:30:00-04:00,0.9985568205131297,0.005941110482399438,0.00031545781998021383,0.47080160670045224,0.3144217334499899,0.6376671038654594,1.0090132714017994,0.9992406634966434,0.6993886583120716,-0.0014119765654807548,0.6028546672729617,-0.0007306893113164792,0.41573450295773084,-0.005209426558638541,0.6036497618684873,-0.0015264327079335116,0.5005919527967387
2025-06-11 15:30:00-04:00,0.997149721301915,0.0038045488599038977,-0.000872863758753395,0.4575902702729128,0.22496433324482723,0.555126549741333,1.0080563110266536,0.9980012800897881,0.7846067880888338,0.00031545781998021383,0.6993886583120716,-0.0014119765654807548,0.6028546672729617,-0.0007306893113164792,0.41573450295773084,-0.005209426558638541,0.6036497618684873
2025-06-11 16:00:00-04:00,0.9952122153018519,0.10879015412408956,-0.0016345292071819895,0.4331023972523143,0.12917917335914808,0.469937074464896,1.0078458348761996,0.9967134984730008,0.0,-0.000872863758753395,0.7846067880888338,0.00031545781998021383,0.6993886583120716,-0.0014119765654807548,0.6028546672729617,-0.0007306893113164792,0.41573450295773084
2025-06-12 09:30:00-04:00,0.9893260960535852,0.014793717492352148,0.0011314146148251325,0.39055018920649,-0.4766274197999394,-0.272374673267728,1.0057070848227774,0.9862417299009797,1.3963152910236436,-0.0016345292071819895,0.0,-0.000872863758753395,0.7846067880888338,0.00031545781998021383,0.6993886583120716,-0.0014119765654807548,0.6028546672729617
2025-06-12 10:30:00-04:00,0.9873444435994905,0.005093354576846481,-0.0020955499005257394,0.35859845530871964,-0.5046424416785555,-0.31882822694989355,1.0045727528295054,0.9856615677219638,0.5521899605252039,0.0011314146148251325,1.3963152910236436,-0.0016345292071819895,0.0,-0.000872863758753395,0.7846067880888338,0.00031545781998021383,0.6993886583120716
2025-06-12 11:30:00-04:00,0.9915722665058619,0.005157098226852496,0.0044103909122501506,0.4587520541556847,-0.4590177469444825,-0.34686613094881136,1.0021222553303009,0.9860475223134807,0.4096416568412011,-0.0020955499005257394,0.5521899605252039,0.0011314146148251325,1.3963152910236436,-0.0016345292071819895,0.0,-0.000872863758753395,0.7846067880888338
2025-06-12 12:30:00-04:00,0.9898115089821387,0.0035189006674410236,-0.0017280528299329356,0.4302772495166349,-0.4423708320790354,-0.36596707117485616,1.0001817908963655,0.9862554429617215,0.38339971240480886,0.0044103909122501506,0.4096416568412011,-0.0020955499005257394,0.5521899605252039,0.0011314146148251325,1.3963152910236436,-0.0016345292071819895,0.0
2025-06-12 13:30:00-04:00,0.9896196960037246,0.003693758390274331,-0.0012202527663970342,0.4109147764923181,-0.4414378193856692,-0.38106122081701876,0.9993352227818162,0.9875370640936513,0.3490171443869654,-0.0017280528299329356,0.38339971240480886,0.0044103909122501506,0.4096416568412011,-0.0020955499005257394,0.5521899605252039,0.0011314146148251325,1.3963152910236436
2025-06-12 14:30:00-04:00,0.9903534543097526,0.0023304932596965693,-0.00025579443769363497,0.40678738537682846,-0.43926701086243725,-0.3927023788261025,0.999395845807367,0.9883493925434087,0.5052463778049824,-0.0012202527663970342,0.3490171443869654,-0.0017280528299329356,0.38339971240480886,0.0044103909122501506,0.4096416568412011,-0.0020955499005257394,0.5521899605252039
2025-06-12 15:30:00-04:00,0.9904090385288703,0.004069039333670603,-0.0011936080476346866,0.38724601379147927,-0.4493117981981811,-0.4040242627005182,0.9997393782281956,0.9893375396037632,0.8054008904474708,-0.00025579443769363497,0.5052463778049824,-0.0012202527663970342,0.3490171443869654,-0.0017280528299329356,0.38339971240480886,0.0044103909122501506,0.4096416568412011
2025-06-12 16:00:00-04:00,0.990581993719327,0.09130553656869439,-0.0009105464351901738,0.3725604484341572,-0.4648249135948106,-0.41618439287937675,1.0000862138749362,0.9900458235957331,0.0,-0.0011936080476346866,0.8054008904474708,-0.00025579443769363497,0.5052463778049824,-0.0012202527663970342,0.3490171443869654,-0.0017280528299329356,0.38339971240480886
2025-06-13 09:30:00-04:00,0.982759181632476,0.012590562324178293,0.008757190984203689,0.42807193143014255,-1.0977237661850836,-0.9588010559304849,1.0003974434250569,0.9736913645156708,1.930302402547071,-0.0009105464351901738,0.0,-0.0011936080476346866,0.8054008904474708,-0.00025579443769363497,0.5052463778049824,-0.0012202527663970342,0.3490171443869654
2025-06-13 10:30:00-04:00,0.995070822829297,0.012668270993599162,0.012015616353659997,0.5704263021737037,-0.8301658696614425,-0.9330740186766764,1.0010083329268702,0.9741753280487617,1.5537040637728103,0.008757190984203689,1.930302402547071,-0.0009105464351901738,0.0,-0.0011936080476346866,0.8054008904474708,-0.00025579443769363497,0.5052463778049824
2025-06-13 11:30:00-04:00,1.000666043374805,0.00610394690681268,0.005141162219921114,0.6151011572126437,-0.5388865225304755,-0.8542365194474363,1.0022461304808339,0.9744752612637624,0.8311087833980763,0.012015616353659997,1.5537040637728103,0.008757190984203689,1.930302402547071,-0.0009105464351901738,0.0,-0.0011936080476346866,0.8054008904474708
2025-06-13 12:30:00-04:00,0.9987670954461276,0.004589252638426908,-0.002465329126224658,0.5835972756179809,-0.33933187162134004,-0.7512555898822171,1.003093450779667,0.9749846813677987,0.6400896442952743,0.005141162219921114,0.8311087833980763,0.012015616353659997,1.5537040637728103,0.008757190984203689,1.930302402547071,-0.0009105464351901738,0.0
2025-06-13 13:30:00-04:00,0.9969279108343952,0.005965161728683272,-0.002712711349720398,0.5502819436293552,-0.21731270194382546,-0.6444670122945387,1.0041378290213017,0.975838317507544,0.6899278365626732,-0.002465329126224658,0.6400896442952743,0.005141162219921114,0.8311087833980763,0.012015616353659997,1.5537040637728103,0.008757190984203689,1.930302402547071
2025-06-13 14:30:00-04:00,0.9929818839364167,0.0061665058514241405,-0.004999459501491388,0.4944159185584104,-0.18943695906534685,-0.5534610016487004,1.0044341565350767,0.9768458095766602,1.281207967065781,-0.002712711349720398,0.6899278365626732,-0.002465329126224658,0.6400896442952743,0.005141162219921114,0.8311087833980763,0.012015616353659997,1.5537040637728103
2025-06-13 15:30:00-04:00,0.9913865545873217,0.005352018173593665,-0.0025122898420670836,0.4687890995406815,-0.20053807368509524,-0.4828764160559794,1.0046248390191044,0.9776085149178184,1.5301371582075138,-0.004999459501491388,1.281207967065781,-0.002712711349720398,0.6899278365626732,-0.002465329126224658,0.6400896442952743,0.005141162219921114,0.8311087833980763
2025-06-13 16:00:00-04:00,0.9927367075211386,0.0025745179930201307,0.0005151863384660338,0.4747859801097658,-0.19977046336165927,-0.4262552255171154,1.004894650841591,0.9783431544415245,0.0,-0.0025122898420670836,1.5301371582075138,-0.004999459501491388,1.281207967065781,-0.002712711349720398,0.6899278365626732,-0.002465329126224658,0.6400896442952743
2025-06-16 09:30:00-04:00,0.9995275773822189,0.008299972848975243,0.0070128164603666665,0.5479989017757019,0.0625755757101274,-0.059077373683205286,1.0044183055026472,0.9853400961382429,2.520834638226636,0.0005151863384660338,0.0,-0.0025122898420670836,1.5301371582075138,-0.004999459501491388,1.281207967065781,-0.002712711349720398,0.6899278365626732
2025-06-16 10:30:00-04:00,0.9988948333762533,0.005122333022859959,-0.0011654121967954456,0.5320772077611805,0.08968569213382693,-0.029324760519798845,1.004576387398578,0.9879878999002991,1.1074867246132831,0.0070128164603666665,2.520834638226636,0.0005151863384660338,0.0,-0.0025122898420670836,1.5301371582075138,-0.004999459501491388,1.281207967065781
2025-06-16 11:30:00-04:00,0.9954914380719305,0.005600618723393791,-0.004098422230762067,0.4793890415782729,0.052460454503432175,-0.012967717515152641,1.0039594181222662,0.991438605689909,0.9099754905820622,-0.0011654121967954456,1.1074867246132831,0.0070128164603666665,2.520834638226636,0.0005151863384660338,0.0,-0.0025122898420670836,1.5301371582075138
2025-06-16 12:30:00-04:00,0.9993731842439292,0.0051257745300547775,0.0034581259026065236,0.5222049605680236,0.07096783036487864,0.0038193920608536134,1.0042160596834557,0.9929955843771915,0.7316386390655375,-0.004098422230762067,0.9099754905820622,-0.0011654121967954456,1.1074867246132831,0.0070128164603666665,2.520834638226636,0.0005151863384660338,0.0
2025-06-16 13:30:00-04:00,1.001841663216206,0.003323531841642177,0.0024489145390527156,0.55049559475991,0.11896057099826862,0.02684762784833662,1.0042273578867942,0.9930178123164382,0.6765555091556059,0.0034581259026065236,0.7316386390655375,-0.004098422230762067,0.9099754905820622,-0.0011654121967954456,1.1074867246132831,0.0070128164603666665,2.520834638226636
2025-06-16 14:30:00-04:00,1.0046494871524858,0.004559573275936203,0.003039534494017948,0.5835369535106681,0.19788439985651962,0.06105498224997322,1.003544532117157,0.9930099007005029,0.7021664462378008,0.0024489145390527156,0.6765555091556059,0.0034581259026065236,0.7316386390655375,-0.004098422230762067,0.9099754905820622,-0.0011654121967954456,1.1074867246132831
2025-06-16 15:30:00-04:00,1.0057145910935315,0.0028570841528907354,0.0011328062576332343,0.595506743458199,0.27341838813967456,0.1035276634279135,1.003745671774096,0.9928068491216614,1.115312087744927,0.003039534494017948,0.7021664462378008,0.0024489145390527156,0.6765555091556059,0.0034581259026065236,0.7316386390655375,-0.004098422230762067,0.9099754905820622
2025-06-16 16:00:00-04:00,1.0029064991079026,0.06811414955179845,-0.0027722772277227747,0.5535300114509161,0.29039324063342065,0.14090077886901492,1.0039033454766626,0.9927459717862366,0.0,0.0011328062576332343,1.115312087744927,0.003039534494017948,0.7021664462378008,0.0024489145390527156,0.6765555091556059,0.0034581259026065236,0.7316386390655375
2025-06-17 09:30:00-04:00,1.0009875785859945,0.011937192283902992,0.001537137312526582,0.5277285127531784,0.0802683547281049,0.12080764957110124,1.0044088531740885,0.9959303924891533,2.2045563718202645,-0.0027722772277227747,0.0,0.0011328062576332343,1.115312087744927,0.003039534494017948,0.7021664462378008,0.0024489145390527156,0.6765555091556059
2025-06-17 10:30:00-04:00,1.0038007614741706,0.008501473471120208,0.0029559133576249064,0.5723996719046893,0.1310858169997573,0.12286328305683246,1.0046390318236824,0.995813944263137,1.5564336531263403,0.001537137312526582,2.2045563718202645,-0.0027722772277227747,0.0,0.0011328062576332343,1.115312087744927,0.003039534494017948,0.7021664462378008
2025-06-17 11:30:00-04:00,1.0069442100499137,0.0051383149870507985,0.0035139146939957566,0.6187080121574061,0.21886451254948724,0.14206352895536342,1.0049305415884446,0.9961137129471483,0.7709042641751459,0.0029559133576249064,1.5564336531263403,0.001537137312526582,2.2045563718202645,-0.0027722772277227747,0.0,0.0011328062576332343,1.115312087744927
2025-06-17 12:30:00-04:00,1.0045982616406253,0.006705041967390291,-0.0020049459642716982,0.5799776143682217,0.2568240648425899,0.16501563613280873,1.005058806389164,0.9957889705390955,0.6797522594812416,0.0035139146939957566,0.7709042641751459,0.0029559133576249064,1.5564336531263403,0.001537137312526582,2.2045563718202645,-0.0027722772277227747,0.0
2025-06-17 13:30:00-04:00,1.000841238513037,0.006414832906492047,-0.0031125494245130003,0.5251297757549959,0.23976279752639584,0.17996506841152615,1.0045361178567898,0.9953111681427677,0.7255442754144112,-0.0020049459642716982,0.6797522594812416,0.0035139146939957566,0.7709042641751459,0.0029559133576249064,1.5564336531263403,0.001537137312526582,2.2045563718202645
2025-06-17 14:30:00-04:00,1.0025056456279107,0.005043346650943551,0.001788211765712644,0.5513017319008852,0.2487917680601015,0.19373040834124122,1.0044599546685293,0.9959838970042946,0.7186082067723233,-0.0031125494245130003,0.7255442754144112,-0.0020049459642716982,0.6797522594812416,0.0035139146939957566,0.7709042641751459,0.0029559133576249064,1.5564336531263403
2025-06-17 15:30:00-04:00,0.9997233064377521,0.004319868916475885,-0.003060058600251936,0.5003875110126165,0.2099529092757848,0.19697490852814997,1.004749378484987,0.9964617330877873,0.8457433336597269,0.001788211765712644,0.7186082067723233,-0.0031125494245130003,0.7255442754144112,-0.0020049459642716982,0.6797522594812416,0.0035139146939957566,0.7709042641751459
2025-06-17 16:00:00-04:00,0.9991830052435695,0.19762229806598416,-0.000738888655675618,0.48868756208457276,0.1667611921115224,0.19093216524482445,1.0049201769331435,0.9965661466540052,0.0,-0.003060058600251936,0.8457433336597269,0.001788211765712644,0.7186082067723233,-0.0031125494245130003,0.7255442754144112,-0.0020049459642716982,0.6797522594812416
2025-06-18 09:30:00-04:00,0.9970851986700856,0.00798172146636794,-0.0035223616834202387,0.44208618192283694,0.06239993609429462,0.10754761499083723,1.0052777650606748,0.9965612686101819,1.8051520773474559,-0.000738888655675618,0.0,-0.003060058600251936,0.8457433336597269,0.001788211765712644,0.7186082067723233,-0.0031125494245130003,0.7255442754144112
2025-06-18 10:30:00-04:00,0.995175072446673,0.004541289729421031,-0.0019384056426551277,0.41293688246404087,-0.01930319291815863,0.08217745340903806,1.0054660642883422,0.9960376096771313,0.9364544638708797,-0.0035223616834202387,1.8051520773474559,-0.000738888655675618,0.0,-0.003060058600251936,0.8457433336597269,0.001788211765712644,0.7186082067723233
2025-06-18 11:30:00-04:00,0.9968555471372333,0.004105144097204551,0.0018850784625668027,0.45078875718637174,-0.056770704135317374,0.054387821900166985,1.0052970570163233,0.9956663735183119,0.9696478805861124,-0.0019384056426551277,0.9364544638708797,-0.0035223616834202387,1.8051520773474559,-0.000738888655675618,0.0,-0.003060058600251936,0.8457433336597269
2025-06-18 12:30:00-04:00,0.9968746029490199,0.004845323243208262,0.00019957615731325262,0.45480423185347646,-0.08268631732366316,0.026972994055400958,1.0051015319123988,0.995219589150363,0.8287766058844088,0.0018850784625668027,0.9696478805861124,-0.0019384056426551277,0.9364544638708797,-0.0035223616834202387,1.8051520773474559,-0.000738888655675618,0.0
2025-06-18 13:30:00-04:00,0.999357166545204,0.005288267773002225,0.0024774166881438298,0.5033559354112103,-0.06737926637015335,0.0081025419702901,1.0048803662371273,0.9951367324986695,0.6662960622621802,0.00019957615731325262,0.8287766058844088,0.0018850784625668027,0.9696478805861124,-0.0019384056426551277,0.9364544638708797,-0.0035223616834202387,1.8051520773474559
2025-06-18 14:30:00-04:00,0.9953182199129975,0.0075662230766710605,-0.00420567741722766,0.4327298644696067,-0.11361883711788323,-0.016241733847344567,1.0042509038925826,0.994993222887478,1.085497095399514,0.0024774166881438298,0.6662960622621802,0.00019957615731325262,0.8287766058844088,0.0018850784625668027,0.9696478805861124,-0.0019384056426551277,0.9364544638708797
2025-06-18 15:30:00-04:00,0.9854985287960906,0.013386459851713904,-0.010335756104735694,0.3159105594350957,-0.2929388891058977,-0.07158116489905521,1.0055214023555348,0.9927414174065148,2.4304730992362558,-0.00420567741722766,1.085497095399514,0.0024774166881438298,0.6662960622621802,0.00019957615731325262,0.8287766058844088,0.0018850784625668027,0.9696478805861124
2025-06-18 16:00:00-04:00,0.9898681911667924,0.005919540229885064,0.003981319318713705,0.384163376887403,-0.375050542612712,-0.13227504044178656,1.0060335329073038,0.9919042409999866,0.0,-0.010335756104735694,2.4304730992362558,-0.00420567741722766,1.085497095399514,0.0024774166881438298,0.6662960622621802,0.00019957615731325262,0.8287766058844088
2025-06-20 09:30:00-04:00,0.980421552651066,0.012779535441430623,-0.010120212198928336,0.3484276763499331,-0.7946610424279754,-0.6712024356420956,1.0028996171791815,0.9810208447530352,4.3128150522693876,0.003981319318713705,0.0,-0.010335756104735694,2.4304730992362558,-0.00420567741722766,1.085497095399514,0.0024774166881438298,0.6662960622621802
2025-06-20 10:30:00-04:00,0.9646098494070744,0.023193883772280464,-0.01823990415902399,0.2389053526803312,-1.0854022425931191,-0.7540423970323004,1.0057742952462296,0.9782028887402529,2.4723418031252704,-0.010120212198928336,4.3128150522693876,0.003981319318713705,0.0,-0.010335756104735694,2.4304730992362558,-0.00420567741722766,1.085497095399514
2025-06-20 11:30:00-04:00,0.9684869858862923,0.006378089053186427,0.001893422487542873,0.2642866422628856,-1.2752940260601235,-0.8582927228378651,1.0076192839455336,0.9767414257832773,1.360852352805824,-0.01823990415902399,2.4723418031252704,-0.010120212198928336,4.3128150522693876,0.003981319318713705,0.0,-0.010335756104735694,2.4304730992362558
2025-06-20 12:30:00-04:00,0.9659377587696192,0.006498138130665621,-0.004842658213852102,0.2420146452086071,-1.4749500643145836,-0.9816241911332089,1.0099579366154576,0.974861009627797,1.2035399720922983,0.001893422487542873,1.360852352805824,-0.01823990415902399,2.4723418031252704,-0.010120212198928336,4.3128150522693876,0.003981319318713705,0.0
2025-06-20 13:30:00-04:00,0.9702891764017464,0.007665886610382661,0.0024924228985614416,0.2756833762900199,-1.5810630601329478,-1.1015119649331568,1.011449968827569,0.973832463998862,0.8986022438147387,-0.004842658213852102,1.2035399720922983,0.001893422487542873,1.360852352805824,-0.01823990415902399,2.4723418031252704,-0.010120212198928336,4.3128150522693876
2025-06-20 14:30:00-04:00,0.9650180100390192,0.009935216274899841,-0.007961794946001244,0.239062229689315,-1.7534745374637737,-1.2319044794392804,1.0134648721336659,0.9723846695131126,1.453797368127582,0.0024924228985614416,0.8986022438147387,-0.004842658213852102,1.2035399720922983,0.001893422487542873,1.360852352805824,-0.01823990415902399,2.4723418031252704
2025-06-20 15:30:00-04:00,0.9627387025437844,0.013318051049248842,-0.005340598720678269,0.21828283095023907,-1.9399684911533086,-1.3735172817820862,1.015740359259799,0.9710111178605926,3.1999166275868163,-0.007961794946001244,1.453797368127582,0.0024924228985614416,0.8986022438147387,-0.004842658213852102,1.2035399720922983,0.001893422487542873,1.360852352805824
2025-06-20 16:00:00-04:00,0.9685626676503744,0.05598242047357081,0.0032995233699579796,0.260803699994416,-2.0200996354820404,-1.502833752522077,1.0163583654054793,0.9708464083690964,0.0,-0.005340598720678269,3.1999166275868163,-0.007961794946001244,1.453797368127582,0.0024924228985614416,0.8986022438147387,-0.004842658213852102,1.2035399720922983
2025-06-23 09:30:00-04:00,0.9656815869824162,0.015386263079273477,0.00014917805469716328,0.3261358059199296,-1.7842506044562754,-1.8934096205666902,0.9964576142365009,0.9560159802798893,2.4880258980798344,0.0032995233699579796,0.0,-0.005340598720678269,3.1999166275868163,-0.007961794946001244,1.453797368127582,0.0024924228985614416,0.8986022438147387
2025-06-23 10:30:00-04:00,0.9641995039022054,0.012448619843969012,-0.0047214005653088975,0.29673357362757247,-1.783001376258028,-1.8713279717049578,0.995554948095229,0.9588312222419987,1.072927974085382,0.00014917805469716328,2.4880258980798344,0.0032995233699579796,0.0,-0.005340598720678269,3.1999166275868163,-0.007961794946001244,1.453797368127582
2025-06-23 11:30:00-04:00,0.9563477860477597,0.012168310962825524,-0.01172348617050023,0.23931344103604374,-1.9164615617276013,-1.8803546897094867,0.9931262158193852,0.9622759585970877,1.3698301441373086,-0.0047214005653088975,1.072927974085382,0.00014917805469716328,2.4880258980798344,0.0032995233699579796,0.0,-0.005340598720678269,3.1999166275868163
2025-06-23 12:30:00-04:00,0.9544231736231796,0.010517846203834256,-0.0058700715084322175,0.2169421420360041,-2.075764882238758,-1.919436728215341,0.9931481791948283,0.9642236682759342,1.6180990178378076,-0.01172348617050023,1.3698301441373086,-0.0047214005653088975,1.072927974085382,0.00014917805469716328,2.4880258980798344,0.0032995233699579796,0.0
2025-06-23 13:30:00-04:00,0.9647863437030957,0.009158347629276975,0.007411746939865793,0.3047925084357057,-2.0807942336407166,-1.9517082293004164,0.9952643467541744,0.9657257434238863,1.1871113751744913,-0.0058700715084322175,1.6180990178378076,-0.01172348617050023,1.3698301441373086,-0.0047214005653088975,1.072927974085382,0.00014917805469716328,2.4880258980798344
2025-06-23 14:30:00-04:00,0.9738762859957625,0.008554197583310738,0.006380304335439346,0.3707254426984023,-1.9776601765766202,-1.9568986187556572,0.9960310406357517,0.968226648828701,0.7200134291157809,0.007411746939865793,1.1871113751744913,-0.0058700715084322175,1.6180990178378076,-0.01172348617050023,1.3698301441373086,-0.0047214005653088975,1.072927974085382
2025-06-23 15:30:00-04:00,0.9787276521206991,0.0061156194015302215,0.00194134600421636,0.3898091188132431,-1.8487932699356975,-1.9352775489916654,0.9973872486777289,0.9708392832903945,0.9865112025899755,0.006380304335439346,0.7200134291157809,0.007411746939865793,1.1871113751744913,-0.0058700715084322175,1.6180990178378076,-0.01172348617050023,1.3698301441373086
2025-06-23 16:00:00-04:00,0.980473002190135,0.04038925604802046,-0.0013320854048729514,0.38124886716519074,-1.744309670777767,-1.8970839733488858,0.9980942022914155,0.973894354028111,0.0,0.00194134600421636,0.9865112025899755,0.006380304335439346,0.7200134291157809,0.007411746939865793,1.1871113751744913,-0.0058700715084322175,1.6180990178378076
2025-06-24 09:30:00-04:00,0.9959097194643314,0.00809741370414441,-0.0001795336411523074,0.5000325320488982,-0.2697819118051825,-0.7005564852557838,1.001876163168235,0.9764362740060953,1.7285167632892833,-0.0013320854048729514,0.0,0.00194134600421636,0.9865112025899755,0.006380304335439346,0.7200134291157809,0.007411746939865793,1.1871113751744913
2025-06-24 10:30:00-04:00,1.001420237288892,0.0058100633916945916,0.0032916575726389397,0.5383205082488619,-0.17991209123547947,-0.596427606451723,1.0047776939476298,0.9785579037608009,0.7531874392674268,-0.0001795336411523074,1.7285167632892833,-0.0013320854048729514,0.0,0.00194134600421636,0.9865112025899755,0.006380304335439346,0.7200134291157809
2025-06-24 11:30:00-04:00,1.0054468206944167,0.004522441459184936,0.002443372316183856,0.5650358661093517,-0.07477578592997247,-0.4920972423473729,1.0074929130910495,0.9800463458203413,0.8959643013533359,0.0032916575726389397,0.7531874392674268,-0.0001795336411523074,1.7285167632892833,-0.0013320854048729514,0.0,0.00194134600421636,0.9865112025899755
2025-06-24 12:30:00-04:00,1.0035899569643771,0.006063010132907883,-0.003815023999620859,0.514821367106225,-0.04269483086520154,-0.40221676005093865,1.010062999401634,0.9820886622785123,0.4368609463533216,0.002443372316183856,0.8959643013533359,0.0032916575726389397,0.7531874392674268,-0.0001795336411523074,1.7285167632892833,-0.0013320854048729514,0.0
2025-06-24 13:30:00-04:00,1.0043426444420336,0.002169285640730069,-0.0007078479335552723,0.5058726316928345,-0.02652660065942314,-0.32707872817263556,1.0121763126694954,0.9839683011192059,0.41626755818069655,-0.003815023999620859,0.4368609463533216,0.002443372316183856,0.8959643013533359,0.0032916575726389397,0.7531874392674268,-0.0001795336411523074,1.7285167632892833
2025-06-24 14:30:00-04:00,1.003092792223777,0.006173787724451009,-0.0018530550005075863,0.48225650345939364,-0.038286036361455444,-0.2693201898103995,1.012723156074615,0.9867050806754127,0.6326588965030295,-0.0007078479335552723,0.41626755818069655,-0.003815023999620859,0.4368609463533216,0.002443372316183856,0.8959643013533359,0.0032916575726389397,0.7531874392674268
2025-06-24 15:30:00-04:00,1.0025450871462105,0.00398772672126439,-0.001317530400839706,0.4656425986134394,-0.06461291628255594,-0.2283787351048308,1.012064757712619,0.9914210725690327,0.8580146395384418,-0.0018530550005075863,0.6326588965030295,-0.0007078479335552723,0.41626755818069655,-0.003815023999620859,0.4368609463533216,0.002443372316183856,0.8959643013533359
2025-06-24 16:00:00-04:00,1.0052436168815941,0.07089864784013399,0.0022787569302089583,0.4978235887254784,-0.054189231110399305,-0.19354083430594451,1.011682285924899,0.9946467699109464,0.0,-0.001317530400839706,0.8580146395384418,-0.0018530550005075863,0.6326588965030295,-0.0007078479335552723,0.41626755818069655,-0.003815023999620859,0.4368609463533216
2025-06-25 09:30:00-04:00,1.0278557727765856,0.021226680467472555,0.020023283294117844,0.7260107572788244,0.42103901462462545,0.11912564540314288,1.0150286371200787,0.9992973342039267,2.0314422198858937,0.0022787569302089583,0.0,-0.001317530400839706,0.8580146395384418,-0.0018530550005075863,0.6326588965030295,-0.0007078479335552723,0.41626755818069655
2025-06-25 10:30:00-04:00,1.0299528895758994,0.0072860807751706875,0.003237329990207094,0.7448252733603671,0.671097795961856,0.2295200755148855,1.018294136835731,0.9961258089326083,0.8019716652956197,0.020023283294117844,2.0314422198858937,0.0022787569302089583,0.0,-0.001317530400839706,0.8580146395384418,-0.0018530550005075863,0.6326588965030295
2025-06-25 11:30:00-04:00,1.0237854865433924,0.009634556750244445,-0.004779622738975808,0.6712947272258569,0.7939524849984991,0.34240655741160825,1.0194751586351796,0.994669444388163,0.6555793016567762,0.003237329990207094,0.8019716652956197,0.020023283294117844,2.0314422198858937,0.0022787569302089583,0.0,-0.001317530400839706,0.8580146395384418
2025-06-25 12:30:00-04:00,1.019301524556215,0.0067591933666329,-0.003514150663065596,0.6228416115902049,0.8332945324248442,0.44058415241425547,1.0200725182016763,0.9941496641234076,0.535497934951564,-0.004779622738975808,0.6555793016567762,0.003237329990207094,0.8019716652956197,0.020023283294117844,2.0314422198858937,0.0022787569302089583,0.0
2025-06-25 13:30:00-04:00,1.0201368153510915,0.005220084927175936,0.0020876577704895816,0.6394332361844528,0.8829564112933781,0.52905860419008,1.0204044633999463,0.9929770059823501,0.5401162799090995,-0.003514150663065596,0.535497934951564,-0.004779622738975808,0.6555793016567762,0.003237329990207094,0.8019716652956197,0.020023283294117844,2.0314422198858937
2025-06-25 14:30:00-04:00,1.018975945272127,0.0030112311702997544,0.00038009327902543966,0.6425230652008201,0.9169726654353667,0.6066414164391374,1.0203191510596055,0.9915068508387872,0.45530341530050567,0.0020876577704895816,0.5401162799090995,-0.003514150663065596,0.535497934951564,-0.004779622738975808,0.6555793016567762,0.003237329990207094,0.8019716652956197
2025-06-25 15:30:00-04:00,1.0175226353940794,0.004687151898802076,0.0007035361099032578,0.6485290484915359,0.9427460059155806,0.6738623343344261,1.0196490759290104,0.9898455193338221,0.705818279123211,0.00038009327902543966,0.45530341530050567,0.0020876577704895816,0.5401162799090995,-0.003514150663065596,0.535497934951564,-0.004779622738975808,0.6555793016567762
2025-06-25 16:00:00-04:00,1.016200857822143,0.0834152621722846,0.0011718264166946657,0.658818416113287,0.9681502500367003,0.7327199174748811,1.0186340283163555,0.9880361648666943,0.0,0.0007035361099032578,0.705818279123211,0.00038009327902543966,0.45530341530050567,0.0020876577704895816,0.5401162799090995,-0.003514150663065596,0.535497934951564
2025-06-26 09:30:00-04:00,1.0164273176491019,0.014769403001892785,-0.006841355219400325,0.5596385286951815,1.08769723360615,1.1072237238578795,1.0271584738396757,1.0031386699319071,2.046388692103541,0.0011718264166946657,0.0,0.0007035361099032578,0.705818279123211,0.00038009327902543966,0.45530341530050567,0.0020876577704895816,0.5401162799090995
2025-06-26 10:30:00-04:00,1.0222955985847284,0.010944412988634203,0.008119047413323477,0.6382345937113627,1.0873583968181322,1.1032506584499302,1.0247809910617558,1.0035513237301135,0.9344723585929948,-0.006841355219400325,2.046388692103541,0.0011718264166946657,0.0,0.0007035361099032578,0.705818279123211,0.00038009327902543966,0.45530341530050567
2025-06-26 11:30:00-04:00,1.0193978501362728,0.004592048436265909,-0.0006415748263038923,0.6286093645779958,1.065863104536902,1.0957731476673245,1.0211978012513137,1.0055959299873256,0.7684596479921079,0.008119047413323477,0.9344723585929948,-0.006841355219400325,2.046388692103541,0.0011718264166946657,0.0,0.0007035361099032578,0.705818279123211
2025-06-26 12:30:00-04:00,1.0182638503502768,0.004166960662905811,0.001205813900952979,0.639603233514331,1.053475994653951,1.0873137170646499,1.0196122933347058,1.0035384970056107,0.4427085794066709,-0.0006415748263038923,0.7684596479921079,0.008119047413323477,0.9344723585929948,-0.006841355219400325,2.046388692103541,0.0011718264166946657,0.0
2025-06-26 13:30:00-04:00,1.018633625727571,0.004080025279748867,0.002152361552939519,0.6590290792017328,1.0614330027637493,1.0821375742044699,1.0187645710308164,1.0017153568495882,0.7215837552732299,0.001205813900952979,0.4427085794066709,-0.0006415748263038923,0.7684596479921079,0.008119047413323477,0.9344723585929948,-0.006841355219400325,2.046388692103541
2025-06-26 14:30:00-04:00,1.015959983568315,0.004307001097546496,-0.001059197508964882,0.6406879624416751,1.0409399747645125,1.0738980543164784,1.017895106850115,1.0007319687003566,0.7893874224335743,0.002152361552939519,0.7215837552732299,0.001205813900952979,0.4427085794066709,-0.0006415748263038923,0.7684596479921079,0.008119047413323477,0.9344723585929948
2025-06-26 15:30:00-04:00,1.0174613104643047,0.004898888423871955,0.003083662823695432,0.6694959153916943,1.055572165933654,1.0702328766399136,1.0170934682033408,1.0002779807702498,1.1932289376110987,-0.001059197508964882,0.7893874224335743,0.002152361552939519,0.7215837552732299,0.001205813900952979,0.4427085794066709,-0.0006415748263038923,0.7684596479921079
2025-06-26 16:00:00-04:00,1.011976551841804,0.07170899623951407,-0.003803783803416283,0.6048744700958659,1.0023576864931272,1.0566578386105565,1.0157184882449388,0.9998181340289474,0.0,0.003083662823695432,1.1932289376110987,-0.001059197508964882,0.7893874224335743,0.002152361552939519,0.7215837552732299,0.001205813900952979,0.4427085794066709
2025-06-27 09:30:00-04:00,1.0158804141593654,0.008973238445932983,0.0019018332383333725,0.6082114052201815,0.85179717796521,0.9513808196487624,1.0193001082787423,1.005947736037994,2.2744640844586437,-0.003803783803416283,0.0,0.003083662823695432,1.1932289376110987,-0.001059197508964882,0.7893874224335743,0.002152361552939519,0.7215837552732299
2025-06-27 10:30:00-04:00,1.0130426096804426,0.0064477727421222075,-0.0008340768902509454,0.5911112209342222,0.790733389312237,0.9192513335814574,1.0175290940239756,1.0041940815816923,1.3248911872339704,0.0019018332383333725,2.2744640844586437,-0.003803783803416283,0.0,0.003083662823695432,1.1932289376110987,-0.001059197508964882,0.7893874224335743
2025-06-27 11:30:00-04:00,1.0072644051798405,0.007079732486608545,-0.003885916033749659,0.518088235766635,0.6800337856483054,0.8714078239948271,1.0156437206780595,1.0027100074932058,1.1355690365882884,-0.0008340768902509454,1.3248911872339704,0.0019018332383333725,2.2744640844586437,-0.003803783803416283,0.0,0.003083662823695432,1.1932289376110987
2025-06-27 12:30:00-04:00,1.0058716577987872,0.004361920958959683,0.00034674657005728804,0.5237202663822476,0.5903397841965727,0.8151942160351763,1.0129763811829144,1.0029281285646512,0.8465849688434977,-0.003885916033749659,1.1355690365882884,-0.0008340768902509454,1.3248911872339704,0.0019018332383333725,2.2744640844586437,-0.003803783803416283,0.0
2025-06-27 13:30:00-04:00,1.0029461311555339,0.004116523880442566,-0.0024264728050801265,0.48131449914977337,0.4798350597906733,0.7481223847862757,1.012492966877869,1.002425480821336,0.8688271749414251,0.00034674657005728804,0.8465849688434977,-0.003885916033749659,1.1355690365882884,-0.0008340768902509454,1.3248911872339704,0.0019018332383333725,2.2744640844586437
2025-06-27 14:30:00-04:00,1.0065656554269615,0.010496913700031831,0.004140825536993686,0.5483585762188125,0.4448258233523745,0.6874630724994955,1.0118871475693574,1.0024312460643645,1.8955295750062302,-0.0024264728050801265,0.8688271749414251,0.00034674657005728804,0.8465849688434977,-0.003885916033749659,1.1355690365882884,-0.0008340768902509454,1.3248911872339704
2025-06-27 15:30:00-04:00,1.034096065574069,0.029770835259948128,0.029673872800209944,0.7743672354459511,0.8227553855032568,0.7145215351002479,1.0170459684053401,0.9960538068676834,5.3239704204813085,0.004140825536993686,1.8955295750062302,-0.0024264728050801265,0.8688271749414251,0.00034674657005728804,0.8465849688434977,-0.003885916033749659,1.1355690365882884
2025-06-27 16:00:00-04:00,1.027259103622306,0.08207043996849328,-0.004425019798904972,0.7151870506022661,1.046458069916838,0.7809088420635659,1.018446494769339,0.9928790805673123,0.0,0.029673872800209944,5.3239704204813085,0.004140825536993686,1.8955295750062302,-0.0024264728050801265,0.8688271749414251,0.00034674657005728804,0.8465849688434977
2025-06-30 09:30:00-04:00,1.0225134400135254,0.025329340301942657,-0.01955199452628087,0.5246257065464095,1.8631938902995273,1.8105468138886691,1.047578920694563,0.9940773861433777,2.963943354435123,-0.004425019798904972,0.0,0.029673872800209944,5.3239704204813085,0.004140825536993686,1.8955295750062302,-0.0024264728050801265,0.8688271749414251
2025-06-30 10:30:00-04:00,1.016359506969239,0.010651585738314448,-0.004315569301793665,0.487714743282479,1.5462826789637916,1.7576939869036938,1.0459145964839114,0.9935225790730327,1.4179793952972868,-0.01955199452628087,2.963943354435123,-0.004425019798904972,0.0,0.029673872800209944,5.3239704204813085,0.004140825536993686,1.8955295750062302
2025-06-30 11:30:00-04:00,1.0154772434197425,0.0035946496341689262,0.0008493050637394806,0.49520935482861334,1.2923269860629603,1.6646205867355472,1.044078601334749,0.9936583168714092,0.9575380778468588,-0.004315569301793665,1.4179793952972868,-0.01955199452628087,2.963943354435123,-0.004425019798904972,0.0,0.029673872800209944,5.3239704204813085
2025-06-30 12:30:00-04:00,1.019569742341393,0.007540353875784652,0.0060011602387093355,0.5458145781700313,1.1631982079185264,1.5643361109721432,1.042239996802051,0.9937190124925595,0.7373883868248781,0.0008493050637394806,0.9575380778468588,-0.004315569301793665,1.4179793952972868,-0.01955199452628087,2.963943354435123,-0.004425019798904972,0.0
2025-06-30 13:30:00-04:00,1.0122615146389142,0.00645124410806203,-0.005627145136571365,0.495366277181559,0.9690010374872031,1.445269096275155,1.040408211071299,0.9941174048305591,0.7060029911332022,0.0060011602387093355,0.7373883868248781,0.0008493050637394806,0.9575380778468588,-0.004315569301793665,1.4179793952972868,-0.01955199452628087,2.963943354435123
2025-06-30 14:30:00-04:00,1.0088155537228647,0.014123273951664718,-0.002376851404994107,0.47548755666394593,0.7723041657062311,1.3106761101613704,1.0386523405978045,0.9956436121688812,1.3512389687331472,-0.005627145136571365,0.7060029911332022,0.0060011602387093355,0.7373883868248781,0.0008493050637394806,0.9575380778468588,-0.004315569301793665,1.4179793952972868
2025-06-30 15:30:00-04:00,1.0072572677830862,0.004519268897885012,-0.0005105016808557572,0.471124966105616,0.6022165478614454,1.1689841977013853,1.0367022304369589,0.9972666952165132,1.1449711837387129,-0.002376851404994107,1.3512389687331472,-0.005627145136571365,0.7060029911332022,0.0060011602387093355,0.7373883868248781,0.0008493050637394806,0.9575380778468588
2025-06-30 16:00:00-04:00,1.0088247206280931,0.06739004924435388,0.0026674407485709484,0.4970767681808118,0.4995872725066022,1.0351048126624287,1.0340334576543582,0.9999652588274704,0.0,-0.0005105016808557572,1.1449711837387129,-0.002376851404994107,1.3512389687331472,-0.005627145136571365,0.7060029911332022,0.0060011602387093355,0.7373883868248781
2025-07-01 09:30:00-04:00,1.00016499985826,0.010327593314663798,-0.0026268632325663344,0.4206749013358242,-0.22498063282412772,0.04961103297052934,1.02147138635582,0.995784280569272,1.2854928508681265,0.0026674407485709484,0.0,-0.0005105016808557572,1.1449711837387129,-0.002376851404994107,1.3512389687331472,-0.005627145136571365,0.7060029911332022
2025-07-01 10:30:00-04:00,0.9975179508329056,0.009891907676691656,-0.0021020857611637744,0.39747200349124634,-0.30094005917766253,-0.02049918545910904,1.0165160582751873,0.996147218543926,0.9287534867514536,-0.0026268632325663344,1.2854928508681265,0.0026674407485709484,0.0,-0.0005105016808557572,1.1449711837387129,-0.002376851404994107,1.3512389687331472
2025-07-01 11:30:00-04:00,0.994524941786152,0.0065827749700922145,-0.0027445578890400446,0.36892097621861586,-0.39531317137596034,-0.0954619826424793,1.010694911754581,0.9978081910669984,0.586474983400837,-0.0021020857611637744,0.9287534867514536,-0.0026268632325663344,1.2854928508681265,0.0026674407485709484,0.0,-0.0005105016808557572,1.1449711837387129
2025-07-01 12:30:00-04:00,0.99765696468198,0.007254265261490329,0.003784207604215384,0.4295936587436357,-0.41209736120492835,-0.15878905835496912,1.0092960047529518,0.9966857802722762,0.4486709073998725,-0.0027445578890400446,0.586474983400837,-0.0021020857611637744,0.9287534867514536,-0.0026268632325663344,1.2854928508681265,0.0026674407485709484,0.0
2025-07-01 13:30:00-04:00,1.0000702643683008,0.003816000801612193,0.002913088967269273,0.4718480794091777,-0.3798677787739848,-0.20300480243877228,1.008506293580669,0.9959631582267823,0.3747021882492391,0.003784207604215384,0.4486709073998725,-0.0027445578890400446,0.586474983400837,-0.0021020857611637744,0.9287534867514536,-0.0026268632325663344,1.2854928508681265
2025-07-01 14:30:00-04:00,1.0008344539145684,0.006597590461825257,0.0013669295515499336,0.4909589715410869,-0.3311419665455162,-0.22863223526012108,1.0075186145661406,0.9952717972145486,0.4242737863829752,0.002913088967269273,0.3747021882492391,0.003784207604215384,0.4486709073998725,-0.0027445578890400446,0.586474983400837,-0.0021020857611637744,0.9287534867514536
2025-07-01 15:30:00-04:00,1.0003104354954522,0.0029282959228222973,0.0002843123130837899,0.4950571586354799,-0.28520514480152315,-0.23994681716840152,1.005077853571496,0.9950484173580421,0.5929743372407426,0.0013669295515499336,0.4242737863829752,0.002913088967269273,0.3747021882492391,0.003784207604215384,0.4486709073998725,-0.0027445578890400446,0.586474983400837
2025-07-01 16:00:00-04:00,0.9970902610148236,0.002964314217307093,-0.0025586804439703403,0.45921580964095476,-0.2818616027002463,-0.2483297742747705,1.0037856280048043,0.9942829392601097,0.0,0.0002843123130837899,0.5929743372407426,0.0013669295515499336,0.4242737863829752,0.002913088967269273,0.3747021882492391,0.003784207604215384,0.4486709073998725
2025-07-02 09:30:00-04:00,1.0039448147819106,0.010461763979284255,0.007033067846624164,0.5984956866215352,-0.03366039234040841,-0.14918517396679,1.000587127659814,0.9927602167180503,1.1436647277234462,-0.0025586804439703403,0.0,0.0002843123130837899,0.5929743372407426,0.0013669295515499336,0.4242737863829752,0.002913088967269273,0.3747021882492391
2025-07-02 10:30:00-04:00,1.0061405406447577,0.007524343755979781,0.0033364227414840464,0.6403561880632545,0.09828518296023958,-0.0996911025813841,1.0012742912316557,0.9908178416783916,0.5185916652029761,0.007033067846624164,1.1436647277234462,-0.0025586804439703403,0.0,0.0002843123130837899,0.5929743372407426,0.0013669295515499336,0.4242737863829752
2025-07-02 11:30:00-04:00,1.0078833473213917,0.0052337929146459294,0.001493585374611195,0.6576225032512113,0.22168083933058824,-0.035416714198989625,1.0033044590708067,0.9903796618319256,0.8533772529918301,0.0033364227414840464,0.5185916652029761,0.007033067846624164,1.1436647277234462,-0.0025586804439703403,0.0,0.0002843123130837899,0.5929743372407426
2025-07-02 12:30:00-04:00,1.0125287940822438,0.007196884010900185,0.004839893063962153,0.7068158266907499,0.3844361078045324,0.04855385020171479,1.0057579817390594,0.9893348614896798,0.5722952273397078,0.001493585374611195,0.8533772529918301,0.0033364227414840464,0.5185916652029761,0.007033067846624164,1.1436647277234462,-0.0025586804439703403,0.0
2025-07-02 13:30:00-04:00,1.0096839822065136,0.0042955775471913765,-0.002576346715232769,0.6527873439378976,0.4708741887471035,0.13301791791079254,1.007109345007529,0.9893311557561861,0.5382050991577024,0.004839893063962153,0.5722952273397078,0.001493585374611195,0.8533772529918301,0.0033364227414840464,0.5185916652029761,0.007033067846624164,1.1436647277234462
2025-07-02 14:30:00-04:00,1.0106011786241567,0.0038122802343391327,0.0014318877424686072,0.6679404442481419,0.5535725141686783,0.2171288371623697,1.008029383607965,0.9895972850878971,0.7711378831320476,-0.002576346715232769,0.5382050991577024,0.004839893063962153,0.5722952273397078,0.001493585374611195,0.8533772529918301,0.0033364227414840464,0.5185916652029761
2025-07-02 15:30:00-04:00,1.0116486138706162,0.003778777547482227,0.001598046820256327,0.6845124401651514,0.6347914656596174,0.30066136286181927,1.009140125539141,0.989382627606961,0.8775355300819949,0.0014318877424686072,0.7711378831320476,-0.002576346715232769,0.5382050991577024,0.004839893063962153,0.5722952273397078,0.001493585374611195,0.8533772529918301
2025-07-02 16:00:00-04:00,1.0101486426767228,0.148155269058296,-0.0012876049741105122,0.6560565981186448,0.6728424886756557,0.3750975880245866,1.0102207122387956,0.9895083953684501,0.0,0.001598046820256327,0.8775355300819949,0.0014318877424686072,0.7711378831320476,-0.002576346715232769,0.5382050991577024,0.004839893063962153,0.5722952273397078
2025-07-03 09:30:00-04:00,1.0091549897708783,0.013852675596103033,-0.0018194442379149134,0.535124040780802,0.6130670145525698,0.4723513444941934,1.0264364849379854,0.981489312741247,2.2974466319355473,-0.0012876049741105122,0.0,0.001598046820256327,0.8775355300819949,0.0014318877424686072,0.7711378831320476,-0.002576346715232769,0.5382050991577024
2025-07-03 10:30:00-04:00,1.0106476347204467,0.0038055175179332826,0.002159276416477507,0.5466146085671355,0.6321283175967096,0.5043067391146967,1.026441615394186,0.9820104510831628,1.072479470638471,-0.0018194442379149134,2.2974466319355473,-0.0012876049741105122,0.0,0.001598046820256327,0.8775355300819949,0.0014318877424686072,0.7711378831320476
2025-07-03 11:30:00-04:00,1.0104730649434481,0.0029644502376467512,0.0005595771635815705,0.5497274218853726,0.6478351230641692,0.5330124159045913,1.0263637632403748,0.9824212193592348,0.785661206510003,0.002159276416477507,1.072479470638471,-0.0018194442379149134,2.2974466319355473,-0.0012876049741105122,0.0,0.001598046820256327,0.8775355300819949
2025-07-03 13:00:00-04:00,1.0127101874400646,0.03998437361192847,0.0029644502376466875,0.5667089621126538,0.6950386104650192,0.5654176548166768,1.0264194550220829,0.9822657662261856,0.0,0.0005595771635815705,0.785661206510003,0.002159276416477507,1.072479470638471,-0.0018194442379149134,2.2974466319355473,-0.0012876049741105122,0.0
2025-07-07 09:30:00-04:00,1.0026553609044637,0.010846571616591626,-0.008040180557736587,0.4770232892179218,0.34448124569118477,0.49173428502363514,1.0121909881214541,1.0041017196252326,2.1038392316645638,0.0029644502376466875,0.0,0.0005595771635815705,0.785661206510003,0.002159276416477507,1.072479470638471,-0.0018194442379149134,2.2974466319355473
2025-07-07 10:30:00-04:00,1.001336521834358,0.005603712158529161,-0.0005629072467308038,0.4721913432414268,0.2453535198920065,0.44245813199730943,1.0115947722054286,1.0025934418609084,1.2429206682920748,-0.008040180557736587,2.1038392316645638,0.0029644502376466875,0.0,0.0005595771635815705,0.785661206510003,0.002159276416477507,1.072479470638471
2025-07-07 11:30:00-04:00,0.9961113542202831,0.007468216827263083,-0.004561824564828898,0.43385838228881307,0.10027810588928787,0.3740221267757052,1.0115800082523745,1.0003332979620032,0.9241640946103518,-0.0005629072467308038,1.2429206682920748,-0.008040180557736587,2.1038392316645638,0.0029644502376466875,0.0,0.0005595771635815705,0.785661206510003
2025-07-07 12:30:00-04:00,0.9933755718061782,0.0060115443666823995,-0.0023932342313472965,0.4149149349244074,-0.04827165902594288,0.28956336961537554,1.0119694414763294,0.9981988335413664,0.7725984066146641,-0.004561824564828898,0.9241640946103518,-0.0005629072467308038,1.2429206682920748,-0.008040180557736587,2.1038392316645638,0.0029644502376466875,0.0
2025-07-07 13:30:00-04:00,0.9899961545641423,0.005951051649411529,-0.003358496528918953,0.3892886012180343,-0.21134721348187213,0.18938125299592604,1.0126876125516866,0.9957958135886835,0.885037291066035,-0.0023932342313472965,0.7725984066146641,-0.004561824564828898,0.9241640946103518,-0.0005629072467308038,1.2429206682920748,-0.008040180557736587,2.1038392316645638
2025-07-07 14:30:00-04:00,0.9925908784351188,0.004199446747115148,0.002732492856619473,0.42054131056626126,-0.2983983646246884,0.09182532947180316,1.0126619344247396,0.9942433569007424,0.6962163405764651,-0.003358496528918953,0.885037291066035,-0.0023932342313472965,0.7725984066146641,-0.004561824564828898,0.9241640946103518,-0.0005629072467308038,1.2429206682920748
2025-07-07 15:30:00-04:00,0.9955717815123847,0.004581779784740503,0.0032630420803665405,0.4564131773404601,-0.31733157988111316,0.009993947601219896,1.0121536400414057,0.9931955986541722,1.6244216872249937,0.002732492856619473,0.6962163405764651,-0.003358496528918953,0.885037291066035,-0.0023932342313472965,0.7725984066146641,-0.004561824564828898,0.9241640946103518
2025-07-07 16:00:00-04:00,0.9931550493013983,0.09421971543563284,-0.002149404946906741,0.43715301075928414,-0.35886183597148147,-0.06377720911332037,1.0117883729205293,0.9919351785737882,0.0,0.0032630420803665405,1.6244216872249937,0.002732492856619473,0.6962163405764651,-0.003358496528918953,0.885037291066035,-0.0023932342313472965,0.7725984066146641
2025-07-08 09:30:00-04:00,0.9860474670009198,0.018393700820345145,-0.015853398029043397,0.36669421282420767,-0.2323720663406732,-0.1929809941359653,1.0051884905176518,0.9890803089014911,2.4927051473513653,-0.002149404946906741,0.0,0.0032630420803665405,1.6244216872249937,0.002732492856619473,0.6962163405764651,-0.003358496528918953,0.885037291066035
2025-07-08 10:30:00-04:00,0.9770698647278099,0.017372510017876784,-0.010266168511562923,0.29922093588476856,-0.5088380091612805,-0.25615239714102833,1.0067253172086137,0.9867782806313059,2.063492103843673,-0.015853398029043397,2.4927051473513653,-0.002149404946906741,0.0,0.0032630420803665405,1.6244216872249937,0.002732492856619473,0.6962163405764651
2025-07-08 11:30:00-04:00,0.9850088558387445,0.00889038462396005,0.007222576301738393,0.3841900856533501,-0.619816572119646,-0.3288852321367519,1.0060515755874067,0.986650356246546,1.0443343818625284,-0.010266168511562923,2.063492103843673,-0.015853398029043397,2.4927051473513653,-0.002149404946906741,0.0,0.0032630420803665405,1.6244216872249937
2025-07-08 12:30:00-04:00,0.9844170971692473,0.0036740397987253728,-0.0018290694828688725,0.37180652981208,-0.7251652888154183,-0.4081412434724852,1.0069430411622384,0.9862528696537477,0.7102691733737811,0.007222576301738393,1.0443343818625284,-0.010266168511562923,2.063492103843673,-0.015853398029043397,2.4927051473513653,-0.002149404946906741,0.0
2025-07-08 13:30:00-04:00,0.9834575674340338,0.003308097345831936,-0.002181491241624478,0.35705140684329123,-0.8297532450970095,-0.4924636437973901,1.0078179572355488,0.985669601695818,0.6353211420186947,-0.0018290694828688725,0.7102691733737811,0.007222576301738393,1.0443343818625284,-0.010266168511562923,2.063492103843673,-0.015853398029043397,2.4927051473513653
2025-07-08 14:30:00-04:00,0.9857051889671199,0.0033333821503265812,0.0010528358004553429,0.37001716586832223,-0.8876413151673717,-0.5714991780713865,1.0089071457339027,0.9854759686169632,0.8774140052030187,-0.002181491241624478,0.6353211420186947,-0.0018290694828688725,0.7102691733737811,0.007222576301738393,1.0443343818625284,-0.010266168511562923,2.063492103843673
2025-07-08 15:30:00-04:00,0.9888981692140087,0.0036707735431248285,0.0020230405100072346,0.3952788595964758,-0.8947994743467973,-0.6361592373264687,1.009953807817718,0.9857287356417894,1.323446803261475,0.0010528358004553429,0.8774140052030187,-0.002181491241624478,0.6353211420186947,-0.0018290694828688725,0.7102691733737811,0.007222576301738393,1.0443343818625284
2025-07-08 16:00:00-04:00,0.9903051152834745,0.13700860091743128,0.0002867444492928861,0.3989651220767243,-0.8862224566128418,-0.6861718811837434,1.0110472421212455,0.9861437920322649,0.0,0.0020230405100072346,1.323446803261475,0.0010528358004553429,0.8774140052030187,-0.002181491241624478,0.6353211420186947,-0.0018290694828688725,0.7102691733737811
2025-07-09 09:30:00-04:00,1.0141231731849436,0.02575165191063771,0.01934710997803646,0.6960061910717737,-0.13923191231634746,-0.5418287205202478,1.0050218243333742,0.982057180186102,2.924282382669483,0.0002867444492928861,0.0,0.0020230405100072346,1.323446803261475,0.0010528358004553429,0.8774140052030187,-0.002181491241624478,0.6353211420186947
2025-07-09 10:30:00-04:00,1.0103184443266362,0.017313108132240098,-0.003975178945416991,0.6374164639373036,0.06900968910309757,-0.41966103859557874,1.0056977798060698,0.98205414486193,1.6050859980625896,0.01934710997803646,2.924282382669483,0.0002867444492928861,0.0,0.0020230405100072346,1.323446803261475,0.0010528358004553429,0.8774140052030187
2025-07-09 11:30:00-04:00,1.0056645095863883,0.008588079695379438,-0.005115168266109138,0.5710647956989426,0.15878383822268916,-0.30397206323192516,1.0052688006771813,0.9829939225047128,0.8981978888892996,-0.003975178945416991,1.6050859980625896,0.01934710997803646,2.924282382669483,0.0002867444492928861,0.0,0.0020230405100072346,1.323446803261475
2025-07-09 12:30:00-04:00,1.007788410381585,0.004513161889593542,0.0015254477953123846,0.5848719927312267,0.2488477927463748,-0.1934080920362652,1.0072764096378568,0.9834014128188172,0.521820637802133,-0.005115168266109138,0.8981978888892996,-0.003975178945416991,1.6050859980625896,0.01934710997803646,2.924282382669483,0.0002867444492928861,0.0
2025-07-09 13:30:00-04:00,1.0023950955578604,0.02774621954933984,-0.00575307842162176,0.5171568595914733,0.2352240267618413,-0.10768166827664388,1.0081675939713384,0.9850074450661195,2.2501530608957894,0.0015254477953123846,0.521820637802133,-0.005115168266109138,0.8981978888892996,-0.003975178945416991,1.6050859980625896,0.01934710997803646,2.924282382669483
2025-07-09 14:30:00-04:00,1.0034188849675407,0.004649621917559798,0.0006797356693175605,0.5241268917118734,0.23142595647479425,-0.03986014332635626,1.0091361388426832,0.9857695056950223,0.5467228416411806,-0.00575307842162176,2.2501530608957894,0.0015254477953123846,0.521820637802133,-0.005115168266109138,0.8981978888892996,-0.003975178945416991,1.6050859980625896
2025-07-09 15:30:00-04:00,1.005340668998346,0.004810583594792486,0.0018995617640495954,0.5439527370802084,0.2525371098464291,0.018619307308200807,1.0099184120685984,0.9864408656309221,0.5508910972942651,0.0006797356693175605,0.5467228416411806,-0.00575307842162176,2.2501530608957894,0.0015254477953123846,0.521820637802133,-0.005115168266109138,0.8981978888892996
2025-07-09 16:00:00-04:00,1.0025604492730902,0.11636662883087392,-0.0028014788403752933,0.510133252677357,0.22671150773723525,0.0602377473940077,1.0102661770982864,0.9875222682911707,0.0,0.0018995617640495954,0.5508910972942651,0.0006797356693175605,0.5467228416411806,-0.00575307842162176,2.2501530608957894,0.0015254477953123846,0.521820637802133
2025-07-10 09:30:00-04:00,0.9967248737058356,0.008164708668171592,-0.002477478799060684,0.4027054348699119,-0.011252752556003998,0.11931667253543751,1.011228900989003,0.9968863086131904,1.6462357815208242,-0.0028014788403752933,0.0,0.0018995617640495954,0.5508910972942651,0.0006797356693175605,0.5467228416411806,-0.00575307842162176,2.2501530608957894
2025-07-10 10:30:00-04:00,1.0035978336771965,0.009412499419229864,0.006937088174096884,0.5210244581346974,0.011126147564226585,0.09767856754119533,1.0109853540732048,0.9978436914978782,0.8974634801432294,-0.002477478799060684,1.6462357815208242,-0.0028014788403752933,0.0,0.0018995617640495954,0.5508910972942651,0.0006797356693175605,0.5467228416411806
2025-07-10 11:30:00-04:00,1.005504355959006,0.004923936634530719,0.0018711829775039934,0.5472571967768899,0.05485761255664556,0.08911437654428539,1.0109366756977647,0.9987860700871191,0.6368778691966098,0.006937088174096884,0.8974634801432294,-0.002477478799060684,1.6462357815208242,-0.0028014788403752933,0.0,0.0018995617640495954,0.5508910972942651
2025-07-10 12:30:00-04:00,1.0134191810963737,0.010776214787434199,0.00837622789682091,0.6419647949137226,0.2065573356158552,0.11260296835859936,1.0098037498086307,0.9986627835600449,0.7418516527571221,0.0018711829775039934,0.6368778691966098,0.006937088174096884,0.8974634801432294,-0.002477478799060684,1.6462357815208242,-0.0028014788403752933,0.0
2025-07-10 13:30:00-04:00,1.0095018486668705,0.006187709136089309,-0.003143051941117192,0.5915417546779324,0.2783842953257931,0.14575923375203811,1.0087560716787842,0.9980901255841845,0.6885040131539477,0.00837622789682091,0.7418516527571221,0.0018711829775039934,0.6368778691966098,0.006937088174096884,0.8974634801432294,-0.002477478799060684,1.6462357815208242
2025-07-10 14:30:00-04:00,1.0090378458035771,0.003741152297569856,0.0008164195257172047,0.6002963342644041,0.34305380064725455,0.18521814713108142,1.0080946632997798,0.9966270337324822,0.5873553860855736,-0.003143051941117192,0.6885040131539477,0.00837622789682091,0.7418516527571221,0.0018711829775039934,0.6368778691966098,0.006937088174096884,0.8974634801432294
2025-07-10 15:30:00-04:00,1.0074373461746595,0.0030681650282274276,-0.000703215080117725,0.5885848852812026,0.3798398370028906,0.22414248510544327,1.00750578373867,0.995654453790104,0.7336843891118887,0.0008164195257172047,0.5873553860855736,-0.003143051941117192,0.6885040131539477,0.00837622789682091,0.7418516527571221,0.0018711829775039934,0.6368778691966098
2025-07-10 16:00:00-04:00,1.005811212447494,0.086183876964678,-0.0006755890306464618,0.5769475154942968,0.39475910746165255,0.2582658095766851,1.0071069840703781,0.9948914315179456,0.0,-0.000703215080117725,0.7336843891118887,0.0008164195257172047,0.5873553860855736,-0.003143051941117192,0.6885040131539477,0.00837622789682091,0.7418516527571221
2025-07-11 09:30:00-04:00,1.0044099933111648,0.0079461444611574,0.004045760902047002,0.5708429545782683,0.1417562648441617,0.1999949171571286,1.0079935228959747,0.9951405205884315,1.337438249854857,-0.0006755890306464618,0.0,-0.000703215080117725,0.7336843891118887,0.0008164195257172047,0.5873553860855736,-0.003143051941117192,0.6885040131539477
2025-07-11 10:30:00-04:00,1.0114038359756856,0.00855082346126964,0.008368707431983147,0.6784494370750898,0.28766788359541806,0.21752951044478652,1.0081703895927112,0.9936580778072532,1.0436120028347962,0.004045760902047002,1.337438249854857,-0.0006755890306464618,0.0,-0.000703215080117725,0.7336843891118887,0.0008164195257172047,0.5873553860855736
2025-07-11 11:30:00-04:00,1.0159371135352893,0.011332121411542212,0.006091832791022211,0.7316398995524338,0.48566032897790024,0.2711556741514093,1.009053510781418,0.9920778881062963,2.093101402149759,0.008368707431983147,1.0436120028347962,0.004045760902047002,1.337438249854857,-0.0006755890306464618,0.0,-0.000703215080117725,0.7336843891118887
2025-07-11 12:30:00-04:00,1.017029264091187,0.006093288364032922,0.0028051861573068493,0.7520995333546687,0.6755320971742549,0.35203095875597845,1.0096996899276107,0.9910100415549596,0.6287014095503998,0.006091832791022211,2.093101402149759,0.008368707431983147,1.0436120028347962,0.004045760902047002,1.337438249854857,-0.0006755890306464618,0.0
2025-07-11 13:30:00-04:00,1.0183128914203599,0.007242845736800865,0.0018989279416605775,0.7651868433585807,0.8439398424947058,0.45041273550372396,1.0118188257847613,0.9901572384256073,0.873131568878882,0.0028051861573068493,0.6287014095503998,0.006091832791022211,2.093101402149759,0.008368707431983147,1.0436120028347962,0.004045760902047002,1.337438249854857
2025-07-11 14:30:00-04:00,1.014891685523022,0.004850700786014173,-0.0026621161676461114,0.7086017086534272,0.9278561390897835,0.5459014162209359,1.0129203211908773,0.9897351278076708,0.7786461438756027,0.0018989279416605775,0.873131568878882,0.0028051861573068493,0.6287014095503998,0.006091832791022211,2.093101402149759,0.008368707431983147,1.0436120028347962
2025-07-11 15:30:00-04:00,1.0126886541388014,0.0021415071758785183,-0.0012822923621510496,0.6824909894842568,0.9645767472724742,0.6296364824312436,1.0132505486834593,0.9887392397657055,0.9048866120401712,-0.0026621161676461114,0.7786461438756027,0.0018989279416605775,0.873131568878882,0.0028051861573068493,0.6287014095503998,0.006091832791022211,2.093101402149759
2025-07-11 16:00:00-04:00,1.0111987525821922,0.058536355051935746,-0.0006938401939654559,0.6681625594394609,0.972382714340398,0.6981857288130745,1.013613178122107,0.988178469761619,0.0,-0.0012822923621510496,0.9048866120401712,-0.0026621161676461114,0.7786461438756027,0.0018989279416605775,0.873131568878882,0.0028051861573068493,0.6287014095503998
2025-07-14 09:30:00-04:00,1.0108694528279576,0.021035651466116672,-0.00458564547544027,0.6003928180232192,0.668602496164425,0.705981494298103,1.0171264432912086,0.9969138957313454,3.094360974917278,-0.0006938401939654559,0.0,-0.0012822923621510496,0.9048866120401712,-0.0026621161676461114,0.7786461438756027,0.0018989279416605775,0.873131568878882
2025-07-14 10:30:00-04:00,1.0132486702609458,0.007851499803379177,0.0036077546865707077,0.6416499262173059,0.7044802914329011,0.7056812537250626,1.0156811047452488,0.9981847879685346,1.0220194565652392,-0.00458564547544027,3.094360974917278,-0.0006938401939654559,0.0,-0.0012822923621510496,0.9048866120401712,-0.0026621161676461114,0.7786461438756027
2025-07-14 11:30:00-04:00,1.0108301035304388,0.003350199103171751,-0.0012996383189510796,0.6168539040105682,0.7058149223253736,0.7057079874451249,1.0136687374785958,1.0001624719095439,0.6037459054791088,0.0036077546865707077,1.0220194565652392,-0.00458564547544027,3.094360974917278,-0.0006938401939654559,0.0,-0.0012822923621510496,0.9048866120401712
2025-07-14 12:30:00-04:00,1.012563328838873,0.007838424046661595,0.0031010191199374315,0.6514227393051217,0.7434892683275223,0.7132642436216043,1.011821920236738,1.0012942398474005,0.7681689986805293,-0.0012996383189510796,0.6037459054791088,0.0036077546865707077,1.0220194565652392,-0.00458564547544027,3.094360974917278,-0.0006938401939654559,0.0
2025-07-14 13:30:00-04:00,1.0139671676802506,0.005421223781276299,0.0032294098168903496,0.683543272610449,0.8111993789243002,0.7328512706821435,1.0110864700118474,0.9998937509680881,0.7003359729101549,0.0031010191199374315,0.7681689986805293,-0.0012996383189510796,0.6037459054791088,0.0036077546865707077,1.0220194565652392,-0.00458564547544027,3.094360974917278
2025-07-14 14:30:00-04:00,1.011128034269219,0.004463288393558383,-0.0013756672309331863,0.6557341881276298,0.8350611535636858,0.753293247258452,1.0104923910230978,0.9984329729275961,0.6325527144519252,0.0032294098168903496,0.7003359729101549,0.0031010191199374315,0.7681689986805293,-0.0012996383189510796,0.6037459054791088,0.0036077546865707077,1.0220194565652392
2025-07-14 15:30:00-04:00,1.0104146140204702,0.0025881123618201585,0.0006612870773743396,0.6628256964717029,0.8538133870079037,0.7733972752083424,1.0098618449515568,0.9969175546447877,0.9614141815512851,-0.0013756672309331863,0.6325527144519252,0.0032294098168903496,0.7003359729101549,0.0031010191199374315,0.7681689986805293,-0.0012996383189510796,0.6037459054791088
2025-07-14 16:00:00-04:00,1.0095674596272395,0.0984379645637643,0.00012111176071138985,0.6641909245596094,0.8605297395739626,0.7908237680814665,1.0094533590620904,0.9958199322581036,0.0,0.0006612870773743396,0.9614141815512851,-0.0013756672309331863,0.6325527144519252,0.0032294098168903496,0.7003359729101549,0.0031010191199374315,0.7681689986805293
2025-07-15 09:30:00-04:00,1.0132312598365352,0.010244842301387893,-0.0014748604605443472,0.6606576184050647,0.8014963491283709,0.7946685145765963,1.0136239249118215,1.0012307296272394,2.1947396983062513,0.00012111176071138985,0.0,0.0006612870773743396,0.9614141815512851,-0.0013756672309331863,0.6325527144519252,0.0032294098168903496,0.7003359729101549
2025-07-15 10:30:00-04:00,1.0192535876715811,0.009079531536159341,0.007667748508816796,0.7403068268550215,0.9024453818503275,0.8162238880313426,1.0135708816306868,1.0001805325304416,1.4065039508081751,-0.0014748604605443472,2.1947396983062513,0.00012111176071138985,0.0,0.0006612870773743396,0.9614141815512851,-0.0013756672309331863,0.6325527144519252
2025-07-15 11:30:00-04:00,1.01382778089284,0.006759634788356803,-0.003778568439649632,0.6577478550023499,0.9158112640130014,0.8361413632276744,1.0130257009270334,0.9988397930398814,0.8774494990874887,0.007667748508816796,1.4065039508081751,-0.0014748604605443472,2.1947396983062513,0.00012111176071138985,0.0,0.0006612870773743396,0.9614141815512851
2025-07-15 12:30:00-04:00,1.013142393037115,0.004566322111940824,0.0009550743644766158,0.667794247223644,0.9298068708161509,0.8548744647453698,1.012112420050872,0.9982643764017509,0.4531631557720283,-0.003778568439649632,0.8774494990874887,0.007667748508816796,1.4065039508081751,-0.0014748604605443472,2.1947396983062513,0.00012111176071138985,0.0
2025-07-15 13:30:00-04:00,1.0141196995959587,0.0033983091254970836,0.002753337407668255,0.6955645543645885,0.9704600726972217,0.8779915863357403,1.0116342689110653,0.9968630196393828,0.736968286822713,0.0009550743644766158,0.4531631557720283,-0.003778568439649632,0.8774494990874887,0.007667748508816796,1.4065039508081751,-0.0014748604605443472,2.1947396983062513
2025-07-15 14:30:00-04:00,1.0090416723698523,0.006659031581219756,-0.0038332196830130894,0.6179076332029447,0.9350132527629569,0.8893959196211836,1.0108000504753976,0.9967757126429497,0.8814025973097779,0.002753337407668255,0.736968286822713,0.0009550743644766158,0.4531631557720283,-0.003778568439649632,0.8774494990874887,0.007667748508816796,1.4065039508081751
2025-07-15 15:30:00-04:00,1.001622110262998,0.010139597453435999,-0.006822771432742902,0.5093268132387442,0.7968710063442188,0.8708909369657907,1.0101915347668835,0.9967609126492509,1.3410107899873178,-0.0038332196830130894,0.8814025973097779,0.002753337407668255,0.736968286822713,0.0009550743644766158,0.4531631557720283,-0.003778568439649632,0.8774494990874887
2025-07-15 16:00:00-04:00,1.0026900757956392,0.019987379280070303,0.001538762781939873,0.5292800982124294,0.7018943972877878,0.8370916290301902,1.0097707034668517,0.9965154680714645,0.0,-0.006822771432742902,1.3410107899873178,-0.0038332196830130894,0.8814025973097779,0.002753337407668255,0.736968286822713,0.0009550743644766158,0.4531631557720283
2025-07-16 09:30:00-04:00,1.0106669265284822,0.011477375176147551,0.0037125810105407275,0.6622738727062131,0.4672470323149298,0.4588761861326828,1.010142394664882,0.9994238562869849,2.182185423490478,0.001538762781939873,0.0,-0.006822771432742902,1.3410107899873178,-0.0038332196830130894,0.8814025973097779,0.002753337407668255,0.736968286822713
2025-07-16 10:30:00-04:00,1.0102820111079904,0.0054742513840538975,0.0005983497200978682,0.6699896816285141,0.5228505459564019,0.47167105809742665,1.0099005056874695,0.9987183271008823,1.4050812556330834,0.0037125810105407275,2.182185423490478,0.001538762781939873,0.0,-0.006822771432742902,1.3410107899873178,-0.0038332196830130894,0.8814025973097779
2025-07-16 11:30:00-04:00,1.0043049298394482,0.010027095729210466,-0.005138300871804002,0.5530659583823335,0.4850563352337076,0.47434811352468287,1.0091713100667605,0.9979892431860844,1.0870950490970717,0.0005983497200978682,1.4050812556330834,0.0037125810105407275,2.182185423490478,0.001538762781939873,0.0,-0.006822771432742902,1.3410107899873178
2025-07-16 12:30:00-04:00,1.0086156051391928,0.0069569759218986215,0.005383459556891346,0.6262765886037657,0.5285091500467729,0.4851803208291009,1.0087779306285298,0.9970041575344162,0.5154285283521278,-0.005138300871804002,1.0870950490970717,0.0005983497200978682,1.4050812556330834,0.0037125810105407275,2.182185423490478,0.001538762781939873,0.0
2025-07-16 13:30:00-04:00,1.007040567905257,0.003154069459893299,-0.0005435409561925786,0.6152592648570273,0.5485527870124827,0.49785481406577725,1.0077172537783736,0.9959998512845084,0.8711562052500135,0.005383459556891346,0.5154285283521278,-0.005138300871804002,1.0870950490970717,0.0005983497200978682,1.4050812556330834,0.0037125810105407275,2.182185423490478
2025-07-16 14:30:00-04:00,1.0022705993368357,0.0049689487570129314,-0.004105741939846919,0.5382718805824789,0.4977768676357641,0.49783922477977466,1.007037473912756,0.9953555865187782,0.819826217812071,-0.0005435409561925786,0.8711562052500135,0.005383459556891346,0.5154285283521278,-0.005138300871804002,1.0870950490970717,0.0005983497200978682,1.4050812556330834
2025-07-16 15:30:00-04:00,1.000428708518498,0.00508437235167216,-0.0012013062893608817,0.517934444105896,0.43477253863625265,0.4852258875510703,1.0061926600089828,0.9946537819129331,1.40792018031849,-0.004105741939846919,0.819826217812071,-0.0005435409561925786,0.8711562052500135,0.005383459556891346,0.5154285283521278,-0.005138300871804002,1.0870950490970717
2025-07-16 16:00:00-04:00,1.0003342312401176,0.029467183999125648,0.0004100632349468558,0.5245303889180317,0.386438941368084,0.4654684983144731,1.0051211387170864,0.9942106324947457,0.0,-0.0012013062893608817,1.40792018031849,-0.004105741939846919,0.819826217812071,-0.0005435409561925786,0.8711562052500135,0.005383459556891346,0.5154285283521278
2025-07-17 09:30:00-04:00,0.9973417860291673,0.014631730773009704,0.0018116702033437182,0.49055360786665925,-0.07700194936663252,0.06690984267275261,1.0050551481604635,0.9944673864718301,2.946250195813453,0.0004100632349468558,0.0,-0.0012013062893608817,1.40792018031849,-0.004105741939846919,0.819826217812071,-0.0005435409561925786,0.8711562052500135
2025-07-17 10:30:00-04:00,0.9966539665707617,0.004797149283330459,-0.00043841425322110883,0.4810461810564815,-0.07844615742044425,0.03783864265411324,1.0046797799974332,0.9939576861922622,0.9806220460324372,0.0018116702033437182,2.946250195813453,0.0004100632349468558,0.0,-0.0012013062893608817,1.40792018031849,-0.004105741939846919,0.819826217812071
2025-07-17 11:30:00-04:00,0.9989274725268126,0.00484696823355158,0.0026316392674909928,0.5388024868663355,-0.040392211460130056,0.022192471831264583,1.0042276057338746,0.9935582366407242,0.644025877191492,-0.00043841425322110883,0.9806220460324372,0.0018116702033437182,2.946250195813453,0.0004100632349468558,0.0,-0.0012013062893608817,1.40792018031849
2025-07-17 12:30:00-04:00,0.9991809007119544,0.004836251204893619,0.0006287742306694266,0.5516748494142386,-0.0009445460828771957,0.01756506824843623,1.0033112803623294,0.9932643317496935,0.6392544041864116,0.0026316392674909928,0.644025877191492,-0.00043841425322110883,0.9806220460324372,0.0018116702033437182,2.946250195813453,0.0004100632349468558,0.0
2025-07-17 13:30:00-04:00,1.002917575949557,0.005823402816157507,0.004071206294464336,0.624751173697276,0.08940353565623127,0.03193276172999524,1.002777867446807,0.993024006740157,0.7094731184163477,0.0006287742306694266,0.6392544041864116,0.0026316392674909928,0.644025877191492,-0.00043841425322110883,0.9806220460324372,0.0018116702033437182,2.946250195813453
2025-07-17 14:30:00-04:00,1.0033324751728707,0.003645058363769005,0.00038092991910954055,0.6308391147906867,0.16475363869795956,0.05849693712358811,1.0033344113202507,0.9929723410630996,0.8174555146037998,0.004071206294464336,0.7094731184163477,0.0006287742306694266,0.6392544041864116,0.0026316392674909928,0.644025877191492,-0.00043841425322110883,0.9806220460324372
2025-07-17 15:30:00-04:00,1.0022937465370112,0.004029653101849094,-0.0009248581209034823,0.6051587871524283,0.2083499778752298,0.08846754527391645,1.0029052728385404,0.992989811564346,1.0351678390490384,0.00038092991910954055,0.8174555146037998,0.004071206294464336,0.7094731184163477,0.0006287742306694266,0.6392544041864116,0.0026316392674909928,0.644025877191492
2025-07-17 16:00:00-04:00,1.0132121863135404,0.0558760117248378,0.011541606498562507,0.7447008837357814,0.40920926691254067,0.1526158896016413,1.004800381764458,0.9908355225878368,0.0,-0.0009248581209034823,1.0351678390490384,0.00038092991910954055,0.8174555146037998,0.004071206294464336,0.7094731184163477,0.0006287742306694266,0.6392544041864116
2025-07-18 09:30:00-04:00,1.0041617033663306,0.01314430590909057,-0.007493258165220729,0.5271986737361885,0.5114391140463113,0.443965223697819,1.010505525309281,0.9940126809751785,2.959130894675808,0.011541606498562507,0.0,-0.0009248581209034823,1.0351678390490384,0.00038092991910954055,0.8174555146037998,0.004071206294464336,0.7094731184163477
2025-07-18 10:30:00-04:00,1.0067892321900032,0.006985586510887892,0.0030144624080243876,0.5637044522877319,0.5034236586833174,0.4558569106949187,1.0103289591513576,0.9947932823937675,0.9099191430699959,-0.007493258165220729,2.959130894675808,0.011541606498562507,0.0,-0.0009248581209034823,1.0351678390490384,0.00038092991910954055,0.8174555146037998
2025-07-18 11:30:00-04:00,1.0078840155713369,0.005161613928234211,0.0019224595848441606,0.5857386176120558,0.5197266864828407,0.4686308658525031,1.0097893711086219,0.9952251037074581,1.002176586840009,0.0030144624080243876,0.9099191430699959,-0.007493258165220729,2.959130894675808,0.011541606498562507,0.0,-0.0009248581209034823,1.0351678390490384
2025-07-18 12:30:00-04:00,1.0076382882964796,0.0037273253003785685,0.0005404326149474059,0.5919887765278893,0.5345533803611318,0.48181536875422887,1.0093453611369325,0.995534549679065,0.5150733682771768,0.0019224595848441606,1.002176586840009,0.0030144624080243876,0.9099191430699959,-0.007493258165220729,2.959130894675808,0.011541606498562507,0.0
2025-07-18 13:30:00-04:00,1.0071323759555428,0.003700889146614138,-0.0001620504542357848,0.589117029267309,0.5376848945342658,0.4929892739102363,1.0090695673003895,0.9965922341694627,0.7074579151840196,0.0005404326149474059,0.5150733682771768,0.0019224595848441606,1.002176586840009,0.0030144624080243876,0.9099191430699959,-0.007493258165220729,2.959130894675808
2025-07-18 14:30:00-04:00,1.0049860961479475,0.003356214977822781,-0.0019179627995183912,0.5548175773173273,0.5056921493729476,0.4955298490027786,1.0088006493494748,0.997442034896959,0.9954930883291206,-0.0001620504542357848,0.7074579151840196,0.0005404326149474059,0.5150733682771768,0.0019224595848441606,1.002176586840009,0.0030144624080243876,0.9099191430699959
2025-07-18 15:30:00-04:00,1.006088345546057,0.0035668162886754533,0.0016509739614776198,0.577573165721563,0.4991936348573631,0.4962626061736955,1.0082629229234408,0.9979816419683707,0.9816439400105429,-0.0019179627995183912,0.9954930883291206,-0.0001620504542357848,0.7074579151840196,0.0005404326149474059,0.5150733682771768,0.0019224595848441606,1.002176586840009
2025-07-18 16:00:00-04:00,1.0060593858376978,0.0031876384461613453,0.0002702481392218292,0.5813516966918439,0.49240252932193584,0.49549059080334357,1.0082285701681544,0.998150015763151,0.0,0.0016509739614776198,0.9816439400105429,-0.0019179627995183912,0.9954930883291206,-0.0001620504542357848,0.7074579151840196,0.0005404326149474059,0.5150733682771768
2025-07-21 09:30:00-04:00,1.0251923349757806,0.01961719600399339,0.01382256424480155,0.7581008691400741,0.9135784662572632,0.7211771995959956,1.0168704151187682,0.9995800063845324,3.5530781232389703,0.0002702481392218292,0.0,0.0016509739614776198,0.9816439400105429,-0.0019179627995183912,0.9954930883291206,-0.0001620504542357848,0.7074579151840196
2025-07-21 10:30:00-04:00,1.0245773898692148,0.004469605424027362,0.0010059416889915962,0.7649990867990369,1.0506394384659075,0.787069647369978,1.0180178206471069,0.9973141860373191,1.3805406190332128,0.01382256424480155,3.5530781232389703,0.0002702481392218292,0.0,0.0016509739614776198,0.9816439400105429,-0.0019179627995183912,0.9954930883291206
2025-07-21 11:30:00-04:00,1.0218025403212405,0.007281065263027594,-0.001105496505704462,0.7399991053591671,1.129377956578196,0.8555313092116217,1.0184552317121682,0.9954534856849784,1.0799939827991258,0.0010059416889915962,1.3805406190332128,0.01382256424480155,3.5530781232389703,0.0002702481392218292,0.0,0.0016509739614776198,0.9816439400105429
2025-07-21 12:30:00-04:00,1.02212915605939,0.00327649674825922,0.002006995517448651,0.7555974272359849,1.2084319348608972,0.9261114343414769,1.0187449969006686,0.9945353123898296,0.5619725421235578,-0.001105496505704462,1.0799939827991258,0.0010059416889915962,1.3805406190332128,0.01382256424480155,3.5530781232389703,0.0002702481392218292,0.0
2025-07-21 13:30:00-04:00,1.0227518338294475,0.003373084256326091,0.0025630894158155115,0.7742605093951289,1.2952870157103007,0.9999465506152417,1.0190450343799198,0.9930314317557047,0.8020670526378676,0.002006995517448651,0.5619725421235578,-0.001105496505704462,1.0799939827991258,0.0010059416889915962,1.3805406190332128,0.01382256424480155,3.5530781232389703
2025-07-21 14:30:00-04:00,1.0209702574299095,0.003056582520249628,0.00023719449345227517,0.7759698214668163,1.3521643601582127,1.070390112523836,1.0190634552282654,0.9915794280324105,1.052551225806756,0.0025630894158155115,0.8020670526378676,0.002006995517448651,0.5619725421235578,-0.001105496505704462,1.0799939827991258,0.0010059416889915962,1.3805406190332128
2025-07-21 15:30:00-04:00,1.0212003589453924,0.0028658472639892497,0.002186995206735709,0.7916395011800219,1.414421979230184,1.1391964858651056,1.01920541807011,0.9902137734627063,1.3469106069081438,0.00023719449345227517,1.052551225806756,0.0025630894158155115,0.8020670526378676,0.002006995517448651,0.5619725421235578,-0.001105496505704462,1.0799939827991258
2025-07-21 16:00:00-04:00,1.0192948301161249,0.06209019388857168,5.995599287200726e-05,0.7920698190093779,1.4479900948923046,1.2009552076705454,1.019065290437904,0.9892129262098379,0.0,0.002186995206735709,1.3469106069081438,0.00023719449345227517,1.052551225806756,0.0025630894158155115,0.8020670526378676,0.002006995517448651,0.5619725421235578
2025-07-22 09:30:00-04:00,1.011181434528444,0.02153126432555875,-0.013574935123577214,0.49750706377644965,1.1778532502467556,1.338206173479032,1.0261104770860454,1.004829877437174,2.7434891435509536,5.995599287200726e-05,0.0,0.002186995206735709,1.3469106069081438,0.00023719449345227517,1.052551225806756,0.0025630894158155115,0.8020670526378676
2025-07-22 10:30:00-04:00,1.010812862095466,0.005445982936103005,0.001058657782168515,0.5124240690904084,1.0034381452697119,1.271252567837168,1.0239539168729412,1.005307020786507,0.7825615914853725,-0.013574935123577214,2.7434891435509536,5.995599287200726e-05,0.0,0.002186995206735709,1.3469106069081438,0.00023719449345227517,1.052551225806756
2025-07-22 11:30:00-04:00,1.0115072259211917,0.007306391923727023,0.002269818433888293,0.5437318017589845,0.889598359377402,1.194921726145215,1.0205885897672236,1.007212069520911,1.2515870729305167,0.001058657782168515,0.7825615914853725,-0.013574935123577214,2.7434891435509536,5.995599287200726e-05,0.0,0.002186995206735709,1.3469106069081438
2025-07-22 12:30:00-04:00,1.0180248135368561,0.008610333662309785,0.007864069088859615,0.6320784572625409,0.9091866003204245,1.1377747009802568,1.0196216452242077,1.0064850350660948,0.698203692683233,0.002269818433888293,1.2515870729305167,0.001058657782168515,0.7825615914853725,-0.013574935123577214,2.7434891435509536,5.995599287200726e-05,0.0
2025-07-22 13:30:00-04:00,1.0145807866935863,0.004561157031206439,-0.00162259907690121,0.6058087052156423,0.8894432619085819,1.088108413165922,1.0180542392829366,1.005376075600436,0.701463080038332,0.007864069088859615,0.698203692683233,0.002269818433888293,1.2515870729305167,0.001058657782168515,0.7825615914853725,-0.013574935123577214,2.7434891435509536
2025-07-22 14:30:00-04:00,1.0159182478979782,0.004912990291173868,0.0030931966074194683,0.6367518284895151,0.9109039637605179,1.0526675232848413,1.0166900269483978,1.0044788138053902,1.0412902343706067,-0.00162259907690121,0.701463080038332,0.007864069088859615,0.698203692683233,0.002269818433888293,1.2515870729305167,0.001058657782168515,0.7825615914853725
2025-07-22 15:30:00-04:00,1.014319858247512,0.002377851144716153,0.00010455376715357012,0.6377900156755397,0.9189330144247663,1.0259206215128263,1.0154462921709748,1.0034580199466634,1.1088000597781018,0.0030931966074194683,1.0412902343706067,-0.00162259907690121,0.701463080038332,0.007864069088859615,0.698203692683233,0.002269818433888293,1.2515870729305167
2025-07-22 16:00:00-04:00,1.0118940666807559,0.06657217573221758,-0.000783935713252526,0.623401664230837,0.9027851112240057,1.0012935194550623,1.014195879809921,1.00224883073992,0.0,0.00010455376715357012,1.1088000597781018,0.0030931966074194683,1.0412902343706067,-0.00162259907690121,0.701463080038332,0.007864069088859615,0.698203692683233
2025-07-23 09:30:00-04:00,1.0044392585103807,0.0172069268995262,-0.008141997462772332,0.46151946894439244,0.5284011246466491,0.7560298278974369,1.0165229308539323,1.0026301255443044,2.4776251261253828,-0.000783935713252526,0.0,0.00010455376715357012,1.1088000597781018,0.0030931966074194683,1.0412902343706067,-0.00162259907690121,0.701463080038332
2025-07-23 10:30:00-04:00,1.000952335653217,0.004825277711972643,-0.002183715537749875,0.4333270772189906,0.3706064049456188,0.6789451433070733,1.0149122520580822,1.0005184342336286,1.0226046670528854,-0.008141997462772332,2.4776251261253828,-0.000783935713252526,0.0,0.00010455376715357012,1.1088000597781018,0.0030931966074194683,1.0412902343706067
2025-07-23 11:30:00-04:00,0.9997675968011962,0.0061751303068205005,2.6393581081141093e-05,0.4337763058830309,0.24315387839624236,0.5917868903249072,1.0134101696731994,0.9985801835847831,0.9070504046997275,-0.002183715537749875,1.0226046670528854,-0.008141997462772332,2.4776251261253828,-0.000783935713252526,0.0,0.00010455376715357012,1.1088000597781018
2025-07-23 12:30:00-04:00,1.0000732286309186,0.004264716420941747,0.0015819637464764558,0.46134040190496506,0.16445757608420308,0.5063210274767663,1.011764039932266,0.9981890928980747,0.7778606531070007,2.6393581081141093e-05,0.9070504046997275,-0.002183715537749875,1.0226046670528854,-0.008141997462772332,2.4776251261253828,-0.000783935713252526,0.0
2025-07-23 13:30:00-04:00,1.0013930806483082,0.0040999423815292375,0.0016848698813198837,0.48986887677827423,0.12645441835763904,0.4303477056529409,1.0110420883338596,0.9987679324469936,0.8685301479779641,0.0015819637464764558,0.7778606531070007,2.6393581081141093e-05,0.9070504046997275,-0.002183715537749875,1.0226046670528854,-0.008141997462772332,2.4776251261253828
2025-07-23 14:30:00-04:00,1.0033523097961274,0.0037754710877534988,0.0023915996376067117,0.5281354369508047,0.13153523095391506,0.3705852107131357,1.010411549386469,0.9991288853862907,0.9853808662571162,0.0016848698813198837,0.8685301479779641,0.0015819637464764558,0.7778606531070007,2.6393581081141093e-05,0.9070504046997275,-0.002183715537749875,1.0226046670528854
2025-07-23 15:30:00-04:00,1.0010884957482133,0.008694503421223207,-0.0018614914350990608,0.4968218406225319,0.10569820009658315,0.3176078085898252,1.0099262735337244,0.9984512553956172,1.5247841323010687,0.0023915996376067117,0.9853808662571162,0.0016848698813198837,0.8685301479779641,0.0015819637464764558,0.7778606531070007,2.6393581081141093e-05,0.9070504046997275
2025-07-23 16:00:00-04:00,1.013270582238277,0.12659631838216226,0.013133668591136516,0.6529001547426053,0.28368068675015934,0.310822384221892,1.0103729182574581,0.9972006230841011,0.0,-0.0018614914350990608,1.5247841323010687,0.0023915996376067117,0.9853808662571162,0.0016848698813198837,0.8685301479779641,0.0015819637464764558,0.7778606531070007
2025-07-24 09:30:00-04:00,1.0141029564202613,0.03597593658282984,-0.019516820636054755,0.5004772582395706,1.506620464806815,1.308327196397854,1.0349150750670022,0.9912606764725495,5.442916593321087,0.013133668591136516,0.0,-0.0018614914350990608,1.5247841323010687,0.0023915996376067117,0.9853808662571162,0.0016848698813198837,0.8685301479779641
2025-07-24 10:30:00-04:00,1.0190911422580788,0.010850406869650357,0.006136070276905992,0.5491267163102345,1.3634277659912755,1.3193473103165383,1.0343508961129848,0.9912138329962257,1.4809384159528676,-0.019516820636054755,5.442916593321087,0.013133668591136516,0.0,-0.0018614914350990608,1.5247841323010687,0.0023915996376067117,0.9853808662571162
2025-07-24 11:30:00-04:00,1.0087202855196458,0.01189553067511286,-0.009569381370978292,0.47152636875921705,1.087325998674828,1.2729430479881965,1.0338067426620265,0.9909930166205212,1.168735493960385,0.006136070276905992,1.4809384159528676,-0.019516820636054755,5.442916593321087,0.013133668591136516,0.0,-0.0018614914350990608,1.5247841323010687
2025-07-24 12:30:00-04:00,1.0099450349706236,0.007084720136348131,0.0019220320322819173,0.48705549338491394,0.8881322679643517,1.1959808919834276,1.0330597725290305,0.9917965078265054,0.7623245134965712,-0.009569381370978292,1.168735493960385,0.006136070276905992,1.4809384159528676,-0.019516820636054755,5.442916593321087,0.013133668591136516,0.0
2025-07-24 13:30:00-04:00,1.0151409525395927,0.007210914210367796,0.006514888869058488,0.5368322883443544,0.8221885793468573,1.1212224294561135,1.0317353991607636,0.9927236255708403,0.6394164137392435,0.0019220320322819173,0.7623245134965712,-0.009569381370978292,1.168735493960385,0.006136070276905992,1.4809384159528676,-0.019516820636054755,5.442916593321087
2025-07-24 14:30:00-04:00,1.008326404046136,0.00742884778316346,-0.005700099411016457,0.49159044567574073,0.6728780098364666,1.031553545532184,1.0302789686527867,0.9938939578779487,0.8288151420837625,0.006514888869058488,0.6394164137392435,0.0019220320322819173,0.7623245134965712,-0.009569381370978292,1.168735493960385,0.006136070276905992,1.4809384159528676
2025-07-24 15:30:00-04:00,1.003199572721223,0.015714457214887397,-0.004403492249344554,0.4595532576000452,0.4804219142434647,0.9213272192744402,1.0290859303967086,0.9948769537708472,1.0563970517637862,-0.005700099411016457,0.8288151420837625,0.006514888869058488,0.6394164137392435,0.0019220320322819173,0.7623245134965712,-0.009569381370978292,1.168735493960385
2025-07-24 16:00:00-04:00,1.0038951435067325,0.1079483314273833,0.001040729169743404,0.4683333465953957,0.34011733057701576,0.8050852415349553,1.0282615430419655,0.9961104906353286,0.0,-0.004403492249344554,1.0563970517637862,-0.005700099411016457,0.8288151420837625,0.006514888869058488,0.6394164137392435,0.0019220320322819173,0.7623245134965712
2025-07-25 09:30:00-04:00,1.0078741347480933,0.0158845514376397,0.006876813089142786,0.5297318863955325,-0.08879365075122791,0.021208222869938998,1.0193773137201931,0.9955945179154562,1.891009662116315,0.001040729169743404,0.0,-0.004403492249344554,1.0563970517637862,-0.005700099411016457,0.8288151420837625,0.006514888869058488,0.6394164137392435
2025-07-25 10:30:00-04:00,1.0095421915613962,0.006884532853500585,0.0022766204360711306,0.5534276210267208,-0.0017997471273361043,0.01660662887048398,1.0146873928342584,0.9969709898579594,0.8568904459755883,0.006876813089142786,1.891009662116315,0.001040729169743404,0.0,-0.004403492249344554,1.0563970517637862,-0.005700099411016457,0.8288151420837625
2025-07-25 11:30:00-04:00,1.0075862884254767,0.00449749331165887,-0.0013938581544719053,0.535593163519536,0.04483957724923471,0.022253218546234126,1.0095794218048266,0.999114031551016,0.5619641544204029,0.0022766204360711306,0.8568904459755883,0.006876813089142786,1.891009662116315,0.001040729169743404,0.0,-0.004403492249344554,1.0563970517637862
2025-07-25 12:30:00-04:00,1.0059853134891419,0.003958906964225489,-0.001059769584715431,0.5218429117950699,0.0645159437023608,0.03070576357745946,1.0090692148432832,0.9985864462818854,0.42317746956625835,-0.0013938581544719053,0.5619641544204029,0.0022766204360711306,0.8568904459755883,0.006876813089142786,1.891009662116315,0.001040729169743404,0.0
2025-07-25 13:30:00-04:00,1.0056186874150743,0.003258702099237771,0.0004916356788524645,0.5278917689015438,0.08677512085185413,0.04191963503233839,1.0072528778496737,0.9981439537760771,0.45164426911410754,-0.001059769584715431,0.42317746956625835,-0.0013938581544719053,0.5619641544204029,0.0022766204360711306,0.8568904459755883,0.006876813089142786,1.891009662116315
2025-07-25 14:30:00-04:00,1.003441359860027,0.004505762161412907,-0.0012672379603120287,0.5099748067763699,0.08368198681043282,0.050272105387957275,1.0065022883537604,0.997390391537079,0.604469508401292,0.0004916356788524645,0.45164426911410754,-0.001059769584715431,0.42317746956625835,-0.0013938581544719053,0.5619641544204029,0.0022766204360711306,0.8568904459755883
2025-07-25 15:30:00-04:00,1.0030097703832326,0.0027694568919840725,0.0004919385690822509,0.5168220113980665,0.08788217804959686,0.05779411992028519,1.0056973654239452,0.9965042946115238,0.6769847218944689,-0.0012672379603120287,0.604469508401292,0.0004916356788524645,0.45164426911410754,-0.001059769584715431,0.42317746956625835,-0.0013938581544719053,0.5619641544204029
2025-07-25 16:00:00-04:00,0.9073442042645692,0.21103166285131142,-0.09911167513043184,0.12814057783206323,-1.4371761440110902,-0.2411999328659899,1.0321414768836796,0.9678761451608036,0.0,0.0004919385690822509,0.6769847218944689,-0.0012672379603120287,0.604469508401292,0.0004916356788524645,0.45164426911410754,-0.001059769584715431,0.42317746956625835
2025-07-28 09:30:00-04:00,0.9993199395466141,0.014633158816818774,-0.010271497883761804,0.4826728356559889,0.19368048110413838,0.005631281254517444,1.0354166013337556,0.9691304000724827,1.6200152969302537,-0.09911167513043184,0.0,0.0004919385690822509,0.6769847218944689,-0.0012672379603120287,0.604469508401292,0.0004916356788524645,0.45164426911410754
2025-07-28 10:30:00-04:00,0.9963250448995471,0.006223782435202219,-0.002868334037850362,0.47159063783554983,0.05478941127313419,0.015462907258240795,1.0349377387259988,0.9685691016404654,0.8719643785754958,-0.010271497883761804,1.6200152969302537,-0.09911167513043184,0.0,0.0004919385690822509,0.6769847218944689,-0.0012672379603120287,0.604469508401292
2025-07-28 11:30:00-04:00,0.9963519723407288,0.003294063393586601,0.00026152224140130187,0.4727758182246701,-0.05066391180204732,0.00223754344618317,1.0345529656128751,0.9681195064476414,0.48787287426819065,-0.002868334037850362,0.8719643785754958,-0.010271497883761804,1.6200152969302537,-0.09911167513043184,0.0,0.0004919385690822509,0.6769847218944689
2025-07-28 12:30:00-04:00,1.0000847220413138,0.005523121971169697,0.0035032583997141042,0.48930448356519796,-0.07925952282201365,-0.014061869807456193,1.0343994824567158,0.9680547752161203,0.5362068878767681,0.00026152224140130187,0.48787287426819065,-0.002868334037850362,0.8719643785754958,-0.010271497883761804,1.6200152969302537,-0.09911167513043184,0.0
2025-07-28 13:30:00-04:00,1.0020978336053867,0.002730724905200028,0.0017715524235850655,0.49790673568801563,-0.07363803415609027,-0.025977102677183013,1.0341528302916074,0.9680281666293236,0.5076430243872778,0.0035032583997141042,0.5362068878767681,0.00026152224140130187,0.48787287426819065,-0.002868334037850362,0.8719643785754958,-0.010271497883761804,1.6200152969302537
2025-07-28 14:30:00-04:00,1.0004331819728947,0.0035450868559803294,-0.002326516984073934,0.48630130782126235,-0.10407629761033377,-0.04159694166381317,1.0343276472731486,0.9683398583492396,0.5347102315430714,0.0017715524235850655,0.5076430243872778,0.0035032583997141042,0.5362068878767681,0.00026152224140130187,0.48787287426819065,-0.002868334037850362,0.8719643785754958
2025-07-28 15:30:00-04:00,1.0043177573002438,0.005141283266078228,0.0038959839505348093,0.5069771974752524,-0.06712427429999934,-0.046702408191050405,1.0340799159855354,0.9682094199791804,1.0076196110502633,-0.002326516984073934,0.5347102315430714,0.0017715524235850655,0.5076430243872778,0.0035032583997141042,0.5362068878767681,0.00026152224140130187,0.48787287426819065
2025-07-28 16:00:00-04:00,1.0041538804151133,0.06276193444496392,-0.0002596466515769613,0.5055112260081258,-0.04139671912358267,-0.04564127037755686,1.033890402776389,0.9681644306223792,0.0,0.0038959839505348093,1.0076196110502633,-0.002326516984073934,0.5347102315430714,0.0017715524235850655,0.5076430243872778,0.0035032583997141042,0.5362068878767681
2025-07-29 09:30:00-04:00,1.0071569252317656,0.008081632743402706,0.002753240411931923,0.5344049899391095,0.05437345765628265,0.006362669975428447,1.0090053067990092,0.9985639412766835,1.674815636857443,-0.0002596466515769613,0.0,0.0038959839505348093,1.0076196110502633,-0.002326516984073934,0.5347102315430714,0.0017715524235850655,0.5076430243872778
2025-07-29 10:30:00-04:00,1.0079000965034126,0.005590571556124827,0.0007770496680978844,0.5420272571658082,0.10732025793089406,0.02655418756652157,1.0080685894493158,0.9989734029469118,1.0515426145692164,0.002753240411931923,1.674815636857443,-0.0002596466515769613,0.0,0.0038959839505348093,1.0076196110502633,-0.002326516984073934,0.5347102315430714
2025-07-29 11:30:00-04:00,1.0151137589848755,0.008320895253340255,0.007816595004014104,0.6110592151576053,0.26803639035628635,0.07485062812447453,1.008716214934864,0.9975077815780637,1.5121667345470766,0.0007770496680978844,1.0515426145692164,0.002753240411931923,1.674815636857443,-0.0002596466515769613,0.0,0.0038959839505348093,1.0076196110502633
2025-07-29 12:30:00-04:00,1.0159371626527303,0.006000606188238117,0.0014895129821577147,0.6228177885448113,0.4140324099211625,0.14268698448381215,1.0102772190506235,0.996270821104554,1.0918425273829482,0.007816595004014104,1.5121667345470766,0.0007770496680978844,1.0515426145692164,0.002753240411931923,1.674815636857443,-0.0002596466515769613,0.0
2025-07-29 13:30:00-04:00,1.0161274559664935,0.003869637027577577,0.0006667601069916262,0.6282438623829264,0.5340691975547998,0.2209634270980097,1.0116287290107904,0.9959942278221069,0.7976562856366104,0.0014895129821577147,1.0918425273829482,0.007816595004014104,1.5121667345470766,0.0007770496680978844,1.0515426145692164,0.002753240411931923,1.674815636857443
2025-07-29 14:30:00-04:00,1.016745422383507,0.0038144238723058638,0.0010250471406720862,0.6368977611712993,0.6379830276397058,0.30436734720634895,1.0129228753315034,0.9959775379280246,1.005221878846533,0.0006667601069916262,0.7976562856366104,0.0014895129821577147,1.0918425273829482,0.007816595004014104,1.5121667345470766,0.0007770496680978844,1.0515426145692164
2025-07-29 15:30:00-04:00,1.0183495778052252,0.004291497868400146,0.0021760435055573346,0.6552629335476786,0.7460299125742438,0.3926998602799279,1.0143253222752282,0.9953605892753866,1.4985762695395528,0.0010250471406720862,1.005221878846533,0.0006667601069916262,0.7976562856366104,0.0014895129821577147,1.0918425273829482,0.007816595004014104,1.5121667345470766
2025-07-29 16:00:00-04:00,1.0155902343327665,0.01802263068967288,-0.0021713061487537155,0.6214151593951446,0.7882770824228373,0.47181530470850985,1.0151134048476007,0.9950742735754587,0.0,0.0021760435055573346,1.4985762695395528,0.0010250471406720862,1.005221878846533,0.0006667601069916262,0.7976562856366104,0.0014895129821577147,1.0918425273829482
2025-07-30 09:30:00-04:00,1.016448932945277,0.010787875913175234,-0.0003577821839383377,0.6232856416087244,0.688229069665482,0.6957284710950188,1.0202478818336065,1.0038917362449975,1.5204999595979158,-0.0021713061487537155,0.0,0.0021760435055573346,1.4985762695395528,0.0010250471406720862,1.005221878846533,0.0006667601069916262,0.7976562856366104
2025-07-30 10:30:00-04:00,1.021603037977648,0.007199787771240537,0.006033068953750664,0.6989940495506956,0.7654961867234249,0.7096820142207001,1.0198015267769958,1.0047689274640095,1.0852169188506067,-0.0003577821839383377,1.5204999595979158,-0.0021713061487537155,0.0,0.0021760435055573346,1.4985762695395528,0.0010250471406720862,1.005221878846533
2025-07-30 11:30:00-04:00,1.0234576445439174,0.003293311057296514,0.0028972854834303785,0.7274888819466944,0.8627874716200665,0.7403031057005734,1.019604417907705,1.005292192506818,0.7373842370965351,0.006033068953750664,1.0852169188506067,-0.0003577821839383377,1.5204999595979158,-0.0021713061487537155,0.0,0.0021760435055573346,1.4985762695395528
2025-07-30 12:30:00-04:00,1.0148865612607598,0.0038349872570178647,-0.002508876405806215,0.6683185935785622,0.8896851908684766,0.7701795227341541,1.0139625464730184,1.0009935624131203,0.6366974156666005,0.0028972854834303785,0.7373842370965351,0.006033068953750664,1.0852169188506067,-0.0003577821839383377,1.5204999595979158,-0.0021713061487537155,0.0
2025-07-30 13:30:00-04:00,1.0148261100848601,0.004439258359587824,0.0013208082766826834,0.6829041217288156,0.921360342495916,0.8004156866865065,1.0128804913540803,1.0013187455108647,0.47075503096628407,-0.002508876405806215,0.6366974156666005,0.0028972854834303785,0.7373842370965351,0.006033068953750664,1.0852169188506067,-0.0003577821839383377,1.5204999595979158
2025-07-30 14:30:00-04:00,1.006914768576604,0.010673592920296052,-0.006620799594471816,0.5517524357567849,0.8315752439366406,0.8066475981365334,1.0117420827702244,1.0006456004017574,1.183020032065269,0.0013208082766826834,0.47075503096628407,-0.002508876405806215,0.6366974156666005,0.0028972854834303785,0.7373842370965351,0.006033068953750664,1.0852169188506067
2025-07-30 15:30:00-04:00,1.009737409903767,0.00439937704529242,0.004187906295450627,0.6033057204045089,0.8171666249978387,0.8087514035087945,1.010854554491629,0.9996005169962288,0.8691007543439156,-0.006620799594471816,1.183020032065269,0.0013208082766826834,0.47075503096628407,-0.002508876405806215,0.6366974156666005,0.0028972854834303785,0.7373842370965351
2025-07-30 16:00:00-04:00,1.0030148994984724,0.3031203642130031,-0.005747101745750771,0.5153451224745841,0.7064233201847401,0.7882857868439836,1.0099351724570675,0.998873605841706,0.0,0.004187906295450627,0.8691007543439156,-0.006620799594471816,1.183020032065269,0.0013208082766826834,0.47075503096628407,-0.002508876405806215,0.6366974156666005
2025-07-31 09:30:00-04:00,0.9945106891465061,0.02088547732208618,-0.009274025842359368,0.3926589633956899,0.14194018618380255,0.4158603156362182,1.0110088158161288,0.9994700939286508,3.1672849427545864,-0.005747101745750771,0.0,0.004187906295450627,0.8691007543439156,-0.006620799594471816,1.183020032065269,0.0013208082766826834,0.47075503096628407
2025-07-31 10:30:00-04:00,0.9865445832136401,0.014709713810659516,-0.007863224324069162,0.325167784086712,-0.12939397841711298,0.306809456825552,1.0126697624905843,0.9960808987782697,2.2489918766496273,-0.009274025842359368,3.1672849427545864,-0.005747101745750771,0.0,0.004187906295450627,0.8691007543439156,-0.006620799594471816,1.183020032065269
2025-07-31 11:30:00-04:00,0.9933615518187091,0.009701748862913898,0.007224904589937964,0.4225987298317084,-0.229620008164801,0.1995235638274814,1.0125785397009925,0.9945802515459015,0.834896128918366,-0.007863224324069162,2.2489918766496273,-0.009274025842359368,3.1672849427545864,-0.005747101745750771,0.0,0.004187906295450627,0.8691007543439156
2025-07-31 12:30:00-04:00,0.984560485337144,0.010072914671154572,-0.008979283229048951,0.35374703800794505,-0.44433178012073427,0.07075249503783829,1.0137563297175987,0.991824255723335,0.6844395522858578,0.007224904589937964,0.834896128918366,-0.007863224324069162,2.2489918766496273,-0.009274025842359368,3.1672849427545864,-0.005747101745750771,0.0
2025-07-31 13:30:00-04:00,0.9859317956445813,0.006979822479980528,0.0011977244030905165,0.3683962338198683,-0.5891411890956704,-0.06122624178886345,1.0139127255934473,0.9897511284407671,0.9187372144609255,-0.008979283229048951,0.6844395522858578,0.007224904589937964,0.834896128918366,-0.007863224324069162,2.2489918766496273,-0.009274025842359368,3.1672849427545864
2025-07-31 14:30:00-04:00,0.9836746751509438,0.005162652600825499,-0.002652570626161088,0.34947944275326903,-0.7365665342501586,-0.1962943002811225,1.0137485422699701,0.9877826268609845,0.7866265790481732,0.0011977244030905165,0.9187372144609255,-0.008979283229048951,0.6844395522858578,0.007224904589937964,0.834896128918366,-0.007863224324069162,2.2489918766496273
2025-07-31 15:30:00-04:00,0.9852930279244058,0.005470395850855952,0.0009387147461765721,0.361933084047807,-0.8293171941149069,-0.3228988790478794,1.0138352009866147,0.9865908150489322,1.3026417198123996,-0.002652570626161088,0.7866265790481732,0.0011977244030905165,0.9187372144609255,-0.008979283229048951,0.6844395522858578,0.007224904589937964,0.834896128918366
2025-07-31 16:00:00-04:00,0.9558284762050339,0.1248377606528873,-0.032200179028824216,0.21192102142256544,-1.3855657156126995,-0.5354322463608434,1.019617592587953,0.9797160119009242,0.0,0.0009387147461765721,1.3026417198123996,-0.002652570626161088,0.7866265790481732,0.0011977244030905165,0.9187372144609255,-0.008979283229048951,0.6844395522858578
2025-08-01 09:30:00-04:00,0.9757984432562972,0.01584283898569021,0.0016927666649997342,0.4304529485289066,-1.6421286064388028,-1.6045359433868818,1.0043819863998018,0.9616665059301762,2.294054048141185,-0.032200179028824216,0.0,0.0009387147461765721,1.3026417198123996,-0.002652570626161088,0.7866265790481732,0.0011977244030905165,0.9187372144609255
2025-08-01 10:30:00-04:00,0.9735161034612777,0.008749106148388348,-0.004066351235630705,0.40663543177185785,-1.589958081514368,-1.601620371012379,1.0023464104068804,0.9632870098704572,1.0616064143309356,0.0016927666649997342,2.294054048141185,-0.032200179028824216,0.0,0.0009387147461765721,1.3026417198123996,-0.002652570626161088,0.7866265790481732
2025-08-01 11:30:00-04:00,0.9772577253857221,0.004682882260379041,0.002094513389528929,0.42423529027219753,-1.4994542458756541,-1.5811871459850342,0.9999962701255828,0.9655797580263414,0.6282892621344939,-0.004066351235630705,1.0616064143309356,0.0016927666649997342,2.294054048141185,-0.032200179028824216,0.0,0.0009387147461765721,1.3026417198123996
2025-08-01 12:30:00-04:00,0.9755821503172274,0.006507024131119275,-0.003518762250893648,0.40258587122531675,-1.4645067821365672,-1.557851073215341,0.9991358143841632,0.9671006657740552,0.7019231506347765,0.002094513389528929,0.6282892621344939,-0.004066351235630705,1.0616064143309356,0.0016927666649997342,2.294054048141185,-0.032200179028824216,0.0
2025-08-01 13:30:00-04:00,0.9810750380365825,0.00449587885170226,0.003929429723847688,0.43701527312127764,-1.3614061946171887,-1.5185620974957106,0.9993010887886112,0.9685387371554478,0.5933382152360891,-0.003518762250893648,0.7019231506347765,0.002094513389528929,0.6282892621344939,-0.004066351235630705,1.0616064143309356,0.0016927666649997342,2.294054048141185
2025-08-01 14:30:00-04:00,0.9818549629342738,0.003654286699721718,-0.0012693866363804318,0.4283924775533563,-1.2842593006462266,-1.4717015381258138,0.9981831905888131,0.9711449494011515,0.725257843474576,0.003929429723847688,0.5933382152360891,-0.003518762250893648,0.7019231506347765,0.002094513389528929,0.6282892621344939,-0.004066351235630705,1.0616064143309356
2025-08-01 15:30:00-04:00,0.9853255027068981,0.004072362039384808,0.0013796104055208147,0.44127918330072363,-1.1884006728482177,-1.4150413650702947,0.998681556653515,0.9733425374170995,0.9395129304538803,-0.0012693866363804318,0.725257843474576,0.003929429723847688,0.5933382152360891,-0.003518762250893648,0.7019231506347765,0.002094513389528929,0.6282892621344939
2025-08-01 16:00:00-04:00,0.9861290235574358,0.002065240415166206,-0.0012719733883814754,0.4316045397672162,-1.1189403453689977,-1.3558211611300353,0.9986283249606749,0.975726375377515,0.0,0.0013796104055208147,0.9395129304538803,-0.0012693866363804318,0.725257843474576,0.003929429723847688,0.5933382152360891,-0.003518762250893648,0.7019231506347765
2025-08-04 09:30:00-04:00,1.0163765179518425,0.02293063837081545,0.02158670722452105,0.6859729426754,0.18718899758096086,-0.4201519325389711,1.0015513519655124,0.9801315025811239,2.130137906342578,-0.0012719733883814754,0.0,0.0013796104055208147,0.9395129304538803,-0.0012693866363804318,0.725257843474576,0.003929429723847688,0.5933382152360891
2025-08-04 10:30:00-04:00,1.0100218309424542,0.00856024808429709,-0.006940360068393936,0.6103766231930531,0.3760889636690763,-0.2609037532973616,1.0048255862462103,0.9807141936601409,0.6906022287291932,0.02158670722452105,2.130137906342578,-0.0012719733883814754,0.0,0.0013796104055208147,0.9395129304538803,-0.0012693866363804318,0.725257843474576
2025-08-04 11:30:00-04:00,1.0146156933720598,0.006189060560212957,0.003831247820596184,0.6341769535551747,0.5788333757151065,-0.09295632749486799,1.0085378326988341,0.9809581880498287,0.5825172197115036,-0.006940360068393936,0.6906022287291932,0.02158670722452105,2.130137906342578,-0.0012719733883814754,0.0,0.0013796104055208147,0.9395129304538803
2025-08-04 12:30:00-04:00,1.0172765963697603,0.003401232354914698,0.0023208878728080418,0.648248232612335,0.7669795134945616,0.07903084070301795,1.0118551284591015,0.980846491176886,0.3873611364664589,0.003831247820596184,0.5825172197115036,-0.006940360068393936,0.6906022287291932,0.02158670722452105,2.130137906342578,-0.0012719733883814754,0.0
2025-08-04 13:30:00-04:00,1.0181568827042693,0.003623942918604703,0.0010291085314957371,0.6546070228720704,0.9216011214322748,0.24754489684886932,1.0144686072393452,0.9810210268957461,0.5508016441212931,0.0023208878728080418,0.3873611364664589,0.003831247820596184,0.5825172197115036,-0.006940360068393936,0.6906022287291932,0.02158670722452105,2.130137906342578
2025-08-04 14:30:00-04:00,1.0164424699982322,0.0049920294009093555,-0.0011822542175211614,0.6402724708698635,1.013893592446692,0.4008146359684339,1.0161886242006708,0.9810844418500381,0.875560808253893,0.0010291085314957371,0.5508016441212931,0.0023208878728080418,0.3873611364664589,0.003831247820596184,0.5825172197115036,-0.006940360068393936,0.6906022287291932
2025-08-04 15:30:00-04:00,1.0199249833236579,0.0049476844293925406,0.003756861390103783,0.6653228744833493,1.1328814429602403,0.5472279973667952,1.018310817883249,0.9818183464430765,1.1770136244647995,-0.0011822542175211614,0.875560808253893,0.0010291085314957371,0.5508016441212931,0.0023208878728080418,0.3873611364664589,0.003831247820596184,0.5825172197115036
2025-08-04 16:00:00-04:00,1.0152072338344627,0.061886743886743756,-0.004050416905900245,0.6153801424076007,1.1501758050903845,0.6678175589115131,1.0193249340364319,0.9823615884993638,0.0,0.003756861390103783,1.1770136244647995,-0.0011822542175211614,0.875560808253893,0.0010291085314957371,0.5508016441212931,0.0023208878728080418,0.3873611364664589
2025-08-05 09:30:00-04:00,1.0282342610678457,0.01649817589363086,0.011632090233933745,0.7200242929469577,1.1675959828368718,1.075265713381079,1.0252613728583977,1.0022864356212053,2.3095297414534506,-0.004050416905900245,0.0,0.003756861390103783,1.1770136244647995,-0.0011822542175211614,0.875560808253893,0.0010291085314957371,0.5508016441212931
2025-08-05 10:30:00-04:00,1.0193886265269916,0.010077763780233154,-0.007640200411956677,0.6020532763777353,1.132895115388095,1.0867915937824821,1.0233373560305683,1.0049711639620382,0.9839889947592297,0.011632090233933745,2.3095297414534506,-0.004050416905900245,0.0,0.003756861390103783,1.1770136244647995,-0.0011822542175211614,0.875560808253893
2025-08-05 11:30:00-04:00,1.0185474950080946,0.0038107167119565215,0.0001023341155010904,0.602984395583326,1.0943931228495103,1.0883118995958878,1.0202368550142105,1.0088529577562806,0.5707915415905364,-0.007640200411956677,0.9839889947592297,0.011632090233933745,2.3095297414534506,-0.004050416905900245,0.0,0.003756861390103783,1.1770136244647995
2025-08-05 12:30:00-04:00,1.0159202916022927,0.004859567863050714,-5.112279711472212e-05,0.602226231317537,1.0509587449836317,1.0808412686734368,1.0180395569346765,1.0064345082158468,0.5036681296035133,0.0001023341155010904,0.5707915415905364,-0.007640200411956677,0.9839889947592297,0.011632090233933745,2.3095297414534506,-0.004050416905900245,0.0
2025-08-05 13:30:00-04:00,1.0122919639003563,0.0034087989265423817,-0.002090131679544638,0.5706370256250269,0.9723573638113123,1.0591444877010119,1.0162571482641003,1.0062139308246774,0.5302745283674791,-5.112279711472212e-05,0.5036681296035133,0.0001023341155010904,0.5707915415905364,-0.007640200411956677,0.9839889947592297,0.011632090233933745,2.3095297414534506
2025-08-05 14:30:00-04:00,1.007286982849583,0.004577950583218362,-0.0034416502963858786,0.522168603080896,0.8461349574046437,1.0165425816417384,1.0146219370971652,1.0050691968209609,0.9156010791574734,-0.002090131679544638,0.5302745283674791,-5.112279711472212e-05,0.5036681296035133,0.0001023341155010904,0.5707915415905364,-0.007640200411956677,0.9839889947592297
2025-08-05 15:30:00-04:00,1.0071507782382567,0.005316708644601424,0.0013373514836603206,0.5385150264238239,0.7583404975754888,0.9649021648284885,1.0131296125129792,1.0037620862413466,1.369979740942876,-0.0034416502963858786,0.9156010791574734,-0.002090131679544638,0.5302745283674791,-5.112279711472212e-05,0.5036681296035133,0.0001023341155010904,0.5707915415905364
2025-08-05 16:00:00-04:00,1.0027516685419189,0.003966822935449025,-0.002876653691953557,0.4989246070997235,0.6362413888182346,0.8991700096264377,1.0116620570652965,1.0019912009759735,0.0,0.0013373514836603206,1.369979740942876,-0.0034416502963858786,0.9156010791574734,-0.002090131679544638,0.5302745283674791,-5.112279711472212e-05,0.5036681296035133
2025-08-06 09:30:00-04:00,0.9997299208824841,0.010270466296353318,-0.003804655491846054,0.45262620572567036,0.18610362266900893,0.36940823058705846,1.0106404102617434,0.9994619498072482,1.484816118069642,-0.002876653691953557,0.0,0.0013373514836603206,1.369979740942876,-0.0034416502963858786,0.9156010791574734,-0.002090131679544638,0.5302745283674791
2025-08-06 10:30:00-04:00,1.0046976105603904,0.009690565048122277,0.006580352969758341,0.5537106811476937,0.21452362689439042,0.3384313098485249,1.0090321130787,0.9978653805451972,0.9004780793306518,-0.003804655491846054,1.484816118069642,-0.002876653691953557,0.0,0.0013373514836603206,1.369979740942876,-0.0034416502963858786,0.9156010791574734
2025-08-06 11:30:00-04:00,1.0078723898290352,0.009005098926777743,0.004947811007107505,0.6120981158422413,0.3113250631204494,0.3330100605029098,1.007920594420106,0.9960646837050414,0.9860014824151662,0.006580352969758341,0.9004780793306518,-0.003804655491846054,1.484816118069642,-0.002876653691953557,0.0,0.0013373514836603206,1.369979740942876
2025-08-06 12:30:00-04:00,1.0053232811696764,0.003369824311661147,-0.0007296192402742596,0.5995793663810327,0.37221094437131796,0.3408502372765915,1.0048346891748605,0.994962627461455,0.4626813989282932,0.004947811007107505,0.9860014824151662,0.006580352969758341,0.9004780793306518,-0.003804655491846054,1.484816118069642,-0.002876653691953557,0.0
2025-08-06 13:30:00-04:00,1.0065950025819526,0.004128642476625501,0.001699247192436415,0.6191036324527818,0.4422207395772375,0.3611243377367207,1.0049969301409838,0.9942976111678287,0.5633332665835515,-0.0007296192402742596,0.4626813989282932,0.004947811007107505,0.9860014824151662,0.006580352969758341,0.9004780793306518,-0.003804655491846054,1.484816118069642
2025-08-06 14:30:00-04:00,1.0065662593379237,0.0016297438867312844,0.0007910561116297732,0.628207617102899,0.5044125650554747,0.3897819832004715,1.0048673118251221,0.9932230722780072,0.5462288587442862,0.001699247192436415,0.5633332665835515,-0.0007296192402742596,0.4626813989282932,0.004947811007107505,0.9860014824151662,0.006580352969758341,0.9004780793306518
2025-08-06 15:30:00-04:00,1.004692409750305,0.004232759684611741,-0.0012987592310835794,0.6027165926543258,0.5270477930541517,0.4172351451712076,1.0047217308091967,0.9925499457686079,0.9884566152232336,0.0007910561116297732,0.5462288587442862,0.001699247192436415,0.5633332665835515,-0.0007296192402742596,0.4626813989282932,0.004947811007107505,0.9860014824151662
2025-08-06 16:00:00-04:00,1.0047772529164032,0.06415392456676855,0.0005609855890853499,0.610067099762578,0.5475509242976955,0.4432983009965052,1.0049007306282274,0.9919925556671175,0.0,-0.0012987592310835794,0.9884566152232336,0.0007910561116297732,0.5462288587442862,0.001699247192436415,0.5633332665835515,-0.0007296192402742596,0.4626813989282932
2025-08-07 09:30:00-04:00,1.0079960903120146,0.010560988090861655,0.0012200546400396028,0.6023069001753953,0.6626683232724417,0.6297351765110601,1.011203777541766,0.9959600832076084,2.6216018739714793,0.0005609855890853499,0.0,-0.0012987592310835794,0.9884566152232336,0.0007910561116297732,0.5462288587442862,0.001699247192436415,0.5633332665835515
2025-08-07 10:30:00-04:00,1.0048867698205304,0.0062407632672435,-0.0025387154493401454,0.546787405054096,0.5977866621753378,0.6233454736439158,1.0106333072797515,0.9964294418736943,1.104121098949852,0.0012200546400396028,2.6216018739714793,0.0005609855890853499,0.0,-0.0012987592310835794,0.9884566152232336,0.0007910561116297732,0.5462288587442862
2025-08-07 11:30:00-04:00,1.0053500838593297,0.004043323103896354,0.0008653508352565176,0.5615843692102672,0.5537021757937737,0.6094168140738874,1.0101441987933903,0.9971918047997516,0.6438952069048288,-0.0025387154493401454,1.104121098949852,0.0012200546400396028,2.6216018739714793,0.0005609855890853499,0.0,-0.0012987592310835794,0.9884566152232336
2025-08-07 12:30:00-04:00,1.0000809829517388,0.005826430380820874,-0.00488247115714735,0.46855161157065617,0.4362725370465057,0.574787958668411,1.0086624651873592,0.9989213523950389,0.7230846157750891,0.0008653508352565176,0.6438952069048288,-0.0025387154493401454,1.104121098949852,0.0012200546400396028,2.6216018739714793,0.0005609855890853499,0.0
2025-08-07 13:30:00-04:00,0.9962415566044714,0.006570835519734478,-0.004395382777548806,0.4039857430769257,0.2706934547287574,0.5139690578804803,1.00936923103499,0.9992160866172769,1.0264437623141027,-0.00488247115714735,0.7230846157750891,0.0008653508352565176,0.6438952069048288,-0.0025387154493401454,1.104121098949852,0.0012200546400396028,2.6216018739714793
2025-08-07 14:30:00-04:00,0.9995977244191697,0.005986023166378843,0.003362416678827529,0.46450923304449243,0.19013204266042294,0.4492016548364689,1.009432531773417,0.9988868996976514,0.9487574747680095,-0.004395382777548806,1.0264437623141027,-0.00488247115714735,0.7230846157750891,0.0008653508352565176,0.6438952069048288,-0.0025387154493401454,1.104121098949852
2025-08-07 15:30:00-04:00,1.0049765021409724,0.006308456704194676,0.005653453312462142,0.5479143714508151,0.21299518762242542,0.4019603613936602,1.0092771298344247,0.9988575222057776,1.207396343583021,0.003362416678827529,0.9487574747680095,-0.004395382777548806,1.0264437623141027,-0.00488247115714735,0.7230846157750891,0.0008653508352565176,0.6438952069048288
2025-08-07 16:00:00-04:00,1.0052356906343105,0.0021864036202776573,0.0005596379872432333,0.5553393621767995,0.23725573597980087,0.36901943631088835,1.0091051599298557,0.9986693522499062,0.0,0.005653453312462142,1.207396343583021,0.003362416678827529,0.9487574747680095,-0.004395382777548806,1.0264437623141027,-0.00488247115714735,0.7230846157750891
2025-08-08 09:30:00-04:00,1.0265663527333615,0.022122229003737722,0.019848908838455026,0.7677169270888352,0.6757694915527281,0.3962434249460717,1.013493907683634,0.9954539171875135,3.9813046991131227,0.0005596379872432333,0.0,0.005653453312462142,1.207396343583021,0.003362416678827529,0.9487574747680095,-0.004395382777548806,1.0264437623141027
2025-08-08 10:30:00-04:00,1.0311807269001219,0.008865282700757728,0.006562140300908181,0.800094266878747,1.022244883762994,0.5214437167094561,1.0167387677196125,0.990698469255448,1.9885168656116092,0.019848908838455026,3.9813046991131227,0.0005596379872432333,0.0,0.005653453312462142,1.207396343583021,0.003362416678827529,0.9487574747680095
2025-08-08 11:30:00-04:00,1.0222147813697182,0.010724257789006816,-0.007086830288207446,0.687853339533398,1.1675850124202896,0.6506719758516228,1.017733357959102,0.9886545688401428,1.4439209970951705,0.006562140300908181,1.9885168656116092,0.019848908838455026,3.9813046991131227,0.0005596379872432333,0.0,0.005653453312462142,1.207396343583021
2025-08-08 12:30:00-04:00,1.0189713769603908,0.0033376414795810517,-0.0014927101824283584,0.666785704549392,1.2442105007544342,0.7693796808321851,1.0180422891785048,0.9868932846996483,0.7954267190382999,-0.007086830288207446,1.4439209970951705,0.006562140300908181,1.9885168656116092,0.019848908838455026,3.9813046991131227,0.0005596379872432333,0.0
2025-08-08 13:30:00-04:00,1.0190063628351151,0.0027346738204428876,0.0019029018378882157,0.6802120804542742,1.3205376973351122,0.8796112841327706,1.0183200189895094,0.9852434310847702,0.704910684799388,-0.0014927101824283584,0.7954267190382999,-0.007086830288207446,1.4439209970951705,0.006562140300908181,1.9885168656116092,0.019848908838455026,3.9813046991131227
2025-08-08 14:30:00-04:00,1.0195402761199943,0.00524360010525809,0.002177800305612765,0.6953693429203562,1.4002297981654124,0.9837349869392991,1.01892770511032,0.9838281365293818,0.9058145952778949,0.0019029018378882157,0.704910684799388,-0.0014927101824283584,0.7954267190382999,-0.007086830288207446,1.4439209970951705,0.006562140300908181,1.9885168656116092
2025-08-08 15:30:00-04:00,1.017533344188515,0.0025813592502468645,-0.000595332003576865,0.685779448619023,1.4371373345027507,1.0744154564519894,1.019395718002434,0.9835280794980287,1.203590677019718,0.002177800305612765,0.9058145952778949,0.0019029018378882157,0.704910684799388,-0.0014927101824283584,0.7954267190382999,-0.007086830288207446,1.4439209970951705
2025-08-08 16:00:00-04:00,1.018254875043915,0.010535440091138788,0.0022339036593519435,0.7023571749284464,1.4855731031505854,1.1566469857917088,1.0195298023893729,0.9839226523907068,0.0,-0.000595332003576865,1.203590677019718,0.002177800305612765,0.9058145952778949,0.0019029018378882157,0.704910684799388,-0.0014927101824283584,0.7954267190382999
2025-08-11 09:30:00-04:00,1.0060792553429867,0.010568421818517543,-0.006568174869461263,0.4818806946817164,0.7927128683199385,1.08967744846193,1.0220672486195674,1.0020288201007495,2.098864034329014,0.0022339036593519435,0.0,-0.000595332003576865,1.203590677019718,0.002177800305612765,0.9058145952778949,0.0019029018378882157,0.704910684799388
2025-08-11 10:30:00-04:00,1.0112655564144928,0.007864226779428744,0.006311093434234305,0.5647919075949598,0.7470111849516456,1.0211441957598733,1.0195779242285066,1.0040701705767234,0.8369992420358027,-0.006568174869461263,2.098864034329014,0.0022339036593519435,0.0,-0.000595332003576865,1.203590677019718,0.002177800305612765,0.9058145952778949
2025-08-11 11:30:00-04:00,1.0118540028146101,0.004471130838605761,0.0018913424772144527,0.5862929222449502,0.7330046373920425,0.9635162840863071,1.0156668862336875,1.007372211749276,0.5744356902394144,0.006311093434234305,0.8369992420358027,-0.006568174869461263,2.098864034329014,0.0022339036593519435,0.0,-0.000595332003576865,1.203590677019718
2025-08-11 12:30:00-04:00,1.0087973219513626,0.0034591246792384854,-0.0018381197750926281,0.5574160342573827,0.6841622373643474,0.9076454747419151,1.0144332701687044,1.006090677443357,0.4487415708586572,0.0018913424772144527,0.5744356902394144,0.006311093434234305,0.8369992420358027,-0.006568174869461263,2.098864034329014,0.0022339036593519435,0.0
2025-08-11 13:30:00-04:00,1.0076976244115898,0.0021154955931795565,-9.95633717063571e-05,0.555822053907352,0.6365028966635862,0.8534169591262494,1.0124399621732574,1.00529235499698,0.7013859968188746,-0.0018381197750926281,0.4487415708586572,0.0018913424772144527,0.5744356902394144,0.006311093434234305,0.8369992420358027,-0.006568174869461263,2.098864034329014
2025-08-11 14:30:00-04:00,1.0076209902926125,0.004053760830311215,0.0010950782846537166,0.5703727036090088,0.6094593180320089,0.8046254309074014,1.0112721052307287,1.0041398037825395,0.6095528089336689,-9.95633717063571e-05,0.7013859968188746,-0.0018381197750926281,0.4487415708586572,0.0018913424772144527,0.5744356902394144,0.006311093434234305,0.8369992420358027
2025-08-11 15:30:00-04:00,1.0059161158156413,0.0033085002234919153,-0.0005966344475972774,0.559604828396553,0.5717536636814486,0.7580510774622108,1.0101721238193262,1.003161010749002,0.9920952185599546,0.0010950782846537166,0.6095528089336689,-9.95633717063571e-05,0.7013859968188746,-0.0018381197750926281,0.4487415708586572,0.0018913424772144527,0.5744356902394144
2025-08-11 16:00:00-04:00,1.003434477678322,0.04992827256425577,-0.0011940298507463476,0.5377385533778768,0.5165511861853247,0.7097510992068337,1.008851774726554,1.00173436558019,0.0,-0.0005966344475972774,0.9920952185599546,0.0010950782846537166,0.6095528089336689,-9.95633717063571e-05,0.7013859968188746,-0.0018381197750926281,0.4487415708586572
2025-08-12 09:30:00-04:00,1.0096663635293566,0.01867680612034336,0.005115213496466042,0.6727977111695185,0.3754923939937669,0.364285150592361,1.0058822052978307,0.9988485428953742,2.2850005635185644,-0.0011940298507463476,0.0,-0.0005966344475972774,0.9920952185599546,0.0010950782846537166,0.6095528089336689,-9.95633717063571e-05,0.7013859968188746
2025-08-12 10:30:00-04:00,1.009436055177745,0.008435729156089105,0.0015811419792668424,0.6931827278604888,0.47323887485836735,0.3860758954455623,1.0055575074960745,0.996448266901761,0.900579341027024,0.005115213496466042,2.2850005635185644,-0.0011940298507463476,0.0,-0.0005966344475972774,0.9920952185599546,0.0010950782846537166,0.6095528089336689
2025-08-12 11:30:00-04:00,1.0127546275953647,0.011632523373305208,0.005081144221709577,0.7476730991332348,0.6265929847120901,0.4341793132988679,1.006246720312656,0.9935633424721411,1.3830163338811328,0.0015811419792668424,0.900579341027024,0.005115213496466042,2.2850005635185644,-0.0011940298507463476,0.0,-0.0005966344475972774,0.9920952185599546
2025-08-12 12:30:00-04:00,1.0100829560440097,0.004126732131156168,-0.0009325730650999731,0.7221930408783901,0.7244446653717205,0.49223238371343847,1.0060642621449682,0.9922673525796568,0.598020198914705,0.005081144221709577,1.3830163338811328,0.0015811419792668424,0.900579341027024,0.005115213496466042,2.2850005635185644,-0.0011940298507463476,0.0
2025-08-12 13:30:00-04:00,1.0100481283835498,0.002111222465984258,0.0005895117434953079,0.7284862132072416,0.8024255679391672,0.5542710205585842,1.0070265662483764,0.9914275878471476,0.6959248918987859,-0.0009325730650999731,0.598020198914705,0.005081144221709577,1.3830163338811328,0.0015811419792668424,0.900579341027024,0.005115213496466042,2.2850005635185644
2025-08-12 14:30:00-04:00,1.0116788086446182,0.0027435613525860648,0.002013078341412289,0.7493770655442369,0.8870841105982947,0.6208336385665264,1.0083626739962426,0.9906795374153305,0.7344298971234869,0.0005895117434953079,0.6959248918987859,-0.0009325730650999731,0.598020198914705,0.005081144221709577,1.3830163338811328,0.0015811419792668424,0.900579341027024
2025-08-12 15:30:00-04:00,1.0074361058679284,0.00458198916561422,-0.00362605589241749,0.6518854140353638,0.8842710307700088,0.6735211170072228,1.0087158353777077,0.9903864255169644,1.2539662544299937,0.002013078341412289,0.7344298971234869,0.0005895117434953079,0.6959248918987859,-0.0009325730650999731,0.598020198914705,0.005081144221709577,1.3830163338811328
2025-08-12 16:00:00-04:00,1.0057531777792998,0.05255513981882636,-0.001081913749644503,0.6258190186550313,0.8544403226879638,0.7097049581433711,1.0088077856778237,0.9902157855792864,0.0,-0.00362605589241749,1.2539662544299937,0.002013078341412289,0.7344298971234869,0.0005895117434953079,0.6959248918987859,-0.0009325730650999731,0.598020198914705
2025-08-13 09:30:00-04:00,1.0061479943535716,0.011263640778735632,-0.003334481129781186,0.5602159156411917,0.6811625088469668,0.7567733279074448,1.012367278975522,0.999633672807179,1.8274428340232023,-0.001081913749644503,0.0,-0.00362605589241749,1.2539662544299937,0.002013078341412289,0.7344298971234869,0.0005895117434953079,0.6959248918987859
2025-08-13 10:30:00-04:00,1.0065120878805918,0.003685866010161778,0.0008371290212156879,0.5777380401364149,0.6253491890427085,0.7304885001344976,1.0110466286084954,1.0012849845899348,0.8341123057736999,-0.003334481129781186,1.8274428340232023,-0.001081913749644503,0.0,-0.00362605589241749,1.2539662544299937,0.002013078341412289,0.7344298971234869
2025-08-13 11:30:00-04:00,1.0015898863989123,0.006221493829019741,-0.0046196307309978035,0.46705558614608234,0.4995083683540713,0.6842924737784124,1.0099440629093557,1.002423758704541,0.6628049970572693,0.0008371290212156879,0.8341123057736999,-0.003334481129781186,1.8274428340232023,-0.001081913749644503,0.0,-0.00362605589241749,1.2539662544299937
2025-08-13 12:30:00-04:00,1.0019118223853969,0.0030102258222813936,0.0005076218233990293,0.4788166107701802,0.4034243940432134,0.6281188578313727,1.0096368809711365,1.0024814279664318,0.5775296819916607,-0.0046196307309978035,0.6628049970572693,0.0008371290212156879,0.8341123057736999,-0.003334481129781186,1.8274428340232023,-0.001081913749644503,0.0
2025-08-13 13:30:00-04:00,1.0003131320003624,0.002346172516861278,-0.0009020813305383735,0.4594046619502409,0.3089651384455294,0.5642881139542041,1.0090413255197286,1.001556681858793,0.5565626411220073,0.0005076218233990293,0.5775296819916607,-0.0046196307309978035,0.6628049970572693,0.0008371290212156879,0.8341123057736999,-0.003334481129781186,1.8274428340232023
2025-08-13 14:30:00-04:00,0.9973962021106886,0.024613185688628053,-0.002667235636740095,0.40692160682738276,0.18836002419777742,0.4891024960029188,1.0090629520659737,1.000134514933641,2.805567923106469,-0.0009020813305383735,0.5565626411220073,0.0005076218233990293,0.5775296819916607,-0.0046196307309978035,0.6628049970572693,0.0008371290212156879,0.8341123057736999
2025-08-13 15:30:00-04:00,0.9971941343291959,0.002922075811944251,-4.949735997705762e-05,0.4059971383581906,0.09092500224244304,0.40946699725082364,1.0090785559707058,0.9990013280943798,0.9011744751780246,-0.002667235636740095,2.805567923106469,-0.0009020813305383735,0.5565626411220073,0.0005076218233990293,0.5775296819916607,-0.0046196307309978035,0.6628049970572693
2025-08-13 16:00:00-04:00,0.9933842034935587,0.06884315187670896,-0.003764071360135346,0.34231145861755735,-0.047076233044577975,0.31815835119174335,1.0094242838849188,0.9972970470574658,0.0,-4.949735997705762e-05,0.9011744751780246,-0.002667235636740095,2.805567923106469,-0.0009020813305383735,0.5565626411220073,0.0005076218233990293,0.5775296819916607
2025-08-14 09:30:00-04:00,0.9990231414861985,0.009695304539754474,0.004437390458994495,0.5159819983522798,-0.17323856814201122,-0.13255419392068268,1.0045546853247513,0.9930119931877025,1.9052420013546683,-0.003764071360135346,0.0,-4.949735997705762e-05,0.9011744751780246,-0.002667235636740095,2.805567923106469,-0.0009020813305383735,0.5565626411220073
2025-08-14 10:30:00-04:00,1.0032163419299989,0.011115257836203492,0.004743860988902782,0.6053758272744961,-0.0593021285750126,-0.11790378085154868,1.0034426977588782,0.9927289649803174,1.2533110791232585,0.004437390458994495,1.9052420013546683,-0.003764071360135346,0.0,-4.949735997705762e-05,0.9011744751780246,-0.002667235636740095,2.805567923106469
2025-08-14 11:30:00-04:00,1.0033218508785884,0.005824008615162176,0.0007146659310128811,0.6169092667679861,0.04223175731104334,-0.08587667321903028,1.0023011464877847,0.9923984645813104,0.9108866353036478,0.004743860988902782,1.2533110791232585,0.004437390458994495,1.9052420013546683,-0.003764071360135346,0.0,-4.949735997705762e-05,0.9011744751780246
2025-08-14 12:30:00-04:00,1.0062304869293752,0.004088460407725362,0.0037582595092626736,0.6713460707667903,0.18230107234722936,-0.032241124105778354,1.0023810937517743,0.9910668127267037,0.8065921299490744,0.0007146659310128811,0.9108866353036478,0.004743860988902782,1.2533110791232585,0.004437390458994495,1.9052420013546683,-0.003764071360135346,0.0
2025-08-14 13:30:00-04:00,1.00001900678151,0.007635219603888595,-0.006022453173370135,0.5387382185588351,0.19184516629158566,0.012576133973694451,1.0018903703395368,0.9910215876627979,0.6687346141776669,0.0037582595092626736,0.8065921299490744,0.0007146659310128811,0.9108866353036478,0.004743860988902782,1.2533110791232585,0.004437390458994495,1.9052420013546683
2025-08-14 14:30:00-04:00,0.9998761622932145,0.0028080561051955126,-7.388679730879755e-05,0.5373443233589561,0.19593993056332693,0.049248893291620945,1.0020377884725005,0.9909584025303273,0.6587751369164528,-0.006022453173370135,0.6687346141776669,0.0037582595092626736,0.8065921299490744,0.0007146659310128811,0.9108866353036478,0.004743860988902782,1.2533110791232585
2025-08-14 15:30:00-04:00,0.9994056266142443,0.0032536536467865375,-0.0006896861217787764,0.5237238583804368,0.18574710304852715,0.0765485352430022,1.0023529686145713,0.9911822568804733,0.7507024215764949,-7.388679730879755e-05,0.6587751369164528,-0.006022453173370135,0.6687346141776669,0.0037582595092626736,0.8065921299490744,0.0007146659310128811,0.9108866353036478
2025-08-14 16:00:00-04:00,0.9987820934469626,0.10973505032563641,-0.0008380877416827026,0.506920272012659,0.16208275297108798,0.09365537878861938,1.0026488655790768,0.9914221108842007,0.0,-0.0006896861217787764,0.7507024215764949,-7.388679730879755e-05,0.6587751369164528,-0.006022453173370135,0.6687346141776669,0.0037582595092626736,0.8065921299490744
2025-08-15 09:30:00-04:00,1.0145367888071795,0.016699446699902993,0.010274620486451669,0.7330776630390125,0.5370108040139598,0.2987435005375545,1.007905431787692,0.9940588764079652,2.7958806108360847,-0.0008380877416827026,0.0,-0.0006896861217787764,0.7507024215764949,-7.388679730879755e-05,0.6587751369164528,-0.006022453173370135,0.6687346141776669
2025-08-15 10:30:00-04:00,1.0089401164368572,0.008028327581561544,-0.005315669053416516,0.618279887716715,0.5843489644407498,0.3558645933181936,1.0085681787165441,0.9944199385535566,1.0710967099551705,0.010274620486451669,2.7958806108360847,-0.0008380877416827026,0.0,-0.0006896861217787764,0.7507024215764949,-7.388679730879755e-05,0.6587751369164528
2025-08-15 11:30:00-04:00,1.0096978543392536,0.005167139317587129,0.0011957558969002413,0.6321601237025193,0.6343230065688203,0.4115562759683189,1.0087769109019116,0.9951297754837639,0.7595802990110171,-0.005315669053416516,1.0710967099551705,0.010274620486451669,2.7958806108360847,-0.0008380877416827026,0.0,-0.0006896861217787764,0.7507024215764949
2025-08-15 12:30:00-04:00,1.0137949414509275,0.005676020672538533,0.004801484753893082,0.6821926517811135,0.7448232534314627,0.47820967146094767,1.0097805436143523,0.9944945747865349,0.7645885286941387,0.0011957558969002413,0.7595802990110171,-0.005315669053416516,1.0710967099551705,0.010274620486451669,2.7958806108360847,-0.0008380877416827026,0.0
2025-08-15 13:30:00-04:00,1.0116924639163118,0.02465625469122692,-0.0014554069987451346,0.6530573951416588,0.7989776392555825,0.5423632650198746,1.0104165168464316,0.9938484837273609,1.8729828035925893,0.004801484753893082,0.7645885286941387,0.0011957558969002413,0.7595802990110171,-0.005315669053416516,1.0710967099551705,0.010274620486451669,2.7958806108360847
2025-08-15 14:30:00-04:00,1.0077032007267719,0.005997053588181142,-0.0035465953507508585,0.58732633804328,0.7740678534252083,0.5887041827009414,1.0106046623098366,0.9936634014941372,1.3046487745962658,-0.0014554069987451346,1.8729828035925893,0.004801484753893082,0.7645885286941387,0.0011957558969002413,0.7595802990110171,-0.005315669053416516,1.0710967099551705
2025-08-15 15:30:00-04:00,1.0014726748093854,0.006792593462892105,-0.005850863828963493,0.4985012675363837,0.6500028838698313,0.6009639229347195,1.010173110390221,0.993261010241356,1.3114104286575914,-0.0035465953507508585,1.3046487745962658,-0.0014554069987451346,1.8729828035925893,0.004801484753893082,0.7645885286941387,0.0011957558969002413,0.7595802990110171
2025-08-15 16:00:00-04:00,1.0014947631379298,0.1879414230454329,0.00034823985110898903,0.5032881777496112,0.5510578489274565,0.5909827081332668,1.0099289141622758,0.9933262480524534,0.0,-0.005850863828963493,1.3114104286575914,-0.0035465953507508585,1.3046487745962658,-0.0014554069987451346,1.8729828035925893,0.004801484753893082,0.7645885286941387
2025-08-18 09:30:00-04:00,1.0029084814671665,0.0076093125596740935,0.000645851547465659,0.5390310184473792,0.17653399039681972,0.26095718108674926,1.0089846145603223,0.9983284400165553,1.4183669664305856,0.00034823985110898903,0.0,-0.005850863828963493,1.3114104286575914,-0.0035465953507508585,1.3046487745962658,-0.0014554069987451346,1.8729828035925893
2025-08-18 10:30:00-04:00,0.9963729650006815,0.00654915215217073,-0.006233770345379641,0.4110447221959522,0.07174222467594404,0.22311418980458822,1.008886216897164,0.9973306491249762,0.6447289604144919,0.000645851547465659,1.4183669664305856,0.00034823985110898903,0.0,-0.005850863828963493,1.3114104286575914,-0.0035465953507508585,1.3046487745962658
2025-08-18 11:30:00-04:00,0.9951315869967415,0.0029160739901032038,-0.0010094634095247912,0.3947991639725767,-0.02753058370436179,0.17298523510279823,1.0088755290551283,0.9963637432581294,0.5765995673400351,-0.006233770345379641,0.6447289604144919,0.000645851547465659,1.4183669664305856,0.00034823985110898903,0.0,-0.005850863828963493,1.3114104286575914
2025-08-18 12:30:00-04:00,0.9953392769359974,0.002807705718467127,0.0006649560276108524,0.4112882531761555,-0.09423319696625754,0.11954154868898709,1.0074529135726544,0.9954085124251354,0.49318996492766265,-0.0010094634095247912,0.5765995673400351,-0.006233770345379641,0.6447289604144919,0.000645851547465659,1.4183669664305856,0.00034823985110898903,0.0
2025-08-18 13:30:00-04:00,0.9953454243757325,0.001974936492790843,0.0001728743984064085,0.4157479824700014,-0.14261957828685468,0.06710932329381875,1.0070217204790668,0.9945965537657143,0.4381742849614042,0.0006649560276108524,0.49318996492766265,-0.0010094634095247912,0.5765995673400351,-0.006233770345379641,0.6447289604144919,0.000645851547465659,1.4183669664305856
2025-08-18 14:30:00-04:00,0.996554963179775,0.002730129140144803,0.0012066050353214397,0.4472287594464818,-0.15936007193008095,0.021815444249038814,1.0064909059741618,0.9942351900195081,0.46618565161927894,0.0001728743984064085,0.4381742849614042,0.0006649560276108524,0.49318996492766265,-0.0010094634095247912,0.5765995673400351,-0.006233770345379641,0.6447289604144919
2025-08-18 15:30:00-04:00,0.9972511130710057,0.002605387883637459,0.000688668376565893,0.4649697140696265,-0.15949173162806574,-0.014445990926382098,1.0048252398766073,0.9945970303412008,0.7581439585033263,0.0012066050353214397,0.46618565161927894,0.0001728743984064085,0.4381742849614042,0.0006649560276108524,0.49318996492766265,-0.0010094634095247912,0.5765995673400351
2025-08-18 16:00:00-04:00,0.9969820851437513,0.04042984311218212,-0.0004915335957397238,0.45376780719004267,-0.16575393793095827,-0.04470758032729734,1.0033887671548685,0.9952513025628787,0.0,0.000688668376565893,0.7581439585033263,0.0012066050353214397,0.46618565161927894,0.0001728743984064085,0.4381742849614042,0.0006649560276108524,0.49318996492766265
2025-08-19 09:30:00-04:00,0.986765016091105,0.012577359720862505,-0.00967409029491495,0.28398320290058376,-0.3628664139615978,-0.21299796039272695,1.0019220314994441,0.9920901673858911,1.8189939633325005,-0.0004915335957397238,0.0,0.000688668376565893,0.7581439585033263,0.0012066050353214397,0.46618565161927894,0.0001728743984064085,0.4381742849614042
2025-08-19 10:30:00-04:00,0.9843396246912323,0.00623065972769901,-0.003057371165997358,0.2521938372063552,-0.523250819863506,-0.27504853228688275,1.0028588672138,0.9904625516094973,1.0439678065788263,-0.00967409029491495,1.8189939633325005,-0.0004915335957397238,0.0,0.000688668376565893,0.7581439585033263,0.0012066050353214397,0.46618565161927894
2025-08-19 11:30:00-04:00,0.984874693066841,0.004936745287835534,-2.488094240793437e-05,0.251947419089863,-0.6433431783142964,-0.34870746149236553,1.0033969505601854,0.9892468530921591,0.9242162688964061,-0.003057371165997358,1.0439678065788263,-0.00967409029491495,1.8189939633325005,-0.0004915335957397238,0.0,0.000688668376565893,0.7581439585033263
2025-08-19 12:30:00-04:00,0.9870053416752435,0.003210817393439146,0.001720403991337216,0.3026822674250478,-0.7025796218499636,-0.41948189356388516,1.0031999995846057,0.9886180972475246,0.938364629480573,-2.488094240793437e-05,0.9242162688964061,-0.003057371165997358,1.0439678065788263,-0.00967409029491495,1.8189939633325005,-0.0004915335957397238,0.0
2025-08-19 13:30:00-04:00,0.9890701792266368,0.0022626048408040857,0.0008761194184037091,0.3277307574538877,-0.7269438584300474,-0.4809742865371176,1.0043416949185113,0.9889004571935682,0.6473548353195876,0.001720403991337216,0.938364629480573,-2.488094240793437e-05,0.9242162688964061,-0.003057371165997358,1.0439678065788263,-0.00967409029491495,1.8189939633325005
2025-08-19 14:30:00-04:00,0.9912885558141881,0.002582845416637393,0.0013628147159399084,0.3659193672598365,-0.7158906718782703,-0.5279575636053482,1.005085534885991,0.9891477241695024,0.8002238070266701,0.0008761194184037091,0.6473548353195876,0.001720403991337216,0.938364629480573,-2.488094240793437e-05,0.9242162688964061,-0.003057371165997358,1.0439678065788263
2025-08-19 15:30:00-04:00,0.9931571511015366,0.00255544778825922,0.000993378763340047,0.3930223749934455,-0.6831182971203305,-0.5589897103083447,1.0057202837611727,0.9895600348294232,0.7700946260306695,0.0013628147159399084,0.8002238070266701,0.0008761194184037091,0.6473548353195876,0.001720403991337216,0.938364629480573,-2.488094240793437e-05,0.9242162688964061
2025-08-19 16:00:00-04:00,0.9956436793283736,0.04499306312555743,0.0014389977792870212,0.43100152523349905,-0.6265231107197735,-0.5724963903906304,1.0064776069483214,0.9903196281115036,0.0,0.000993378763340047,0.7700946260306695,0.0013628147159399084,0.8002238070266701,0.0008761194184037091,0.6473548353195876,0.001720403991337216,0.938364629480573
2025-08-20 09:30:00-04:00,0.9771841419214025,0.021347639503530486,-0.015586909637063662,0.23291098162329532,-0.8507578996559744,-0.6865071124948283,1.0012271116258002,0.9855423514353842,2.935732595208772,0.0014389977792870212,0.0,0.000993378763340047,0.7700946260306695,0.0013628147159399084,0.8002238070266701,0.0008761194184037091,0.6473548353195876
2025-08-20 10:30:00-04:00,0.9827467595880383,0.0114616202777072,0.004046960144671319,0.31398296772950074,-0.9408416963494801,-0.7373740292657588,1.0019837245294398,0.9858385040190795,1.936180811108774,-0.015586909637063662,2.935732595208772,0.0014389977792870212,0.0,0.000993378763340047,0.7700946260306695,0.0013628147159399084,0.8002238070266701
2025-08-20 11:30:00-04:00,0.9915596661535255,0.008696983203206153,0.008010941308475017,0.4405402703053896,-0.8738597949200937,-0.7646711823966258,1.0011346636691423,0.9870625770956557,1.0665874148801162,0.004046960144671319,1.936180811108774,-0.015586909637063662,2.935732595208772,0.0014389977792870212,0.0,0.000993378763340047,0.7700946260306695
2025-08-20 12:30:00-04:00,0.9910272442368168,0.004355341343079227,-0.0015814776748983572,0.4237858944541003,-0.8366629656529767,-0.779069539047896,1.0018854291000492,0.9876965520452808,0.7560623811356669,0.008010941308475017,1.0665874148801162,0.004046960144671319,1.936180811108774,-0.015586909637063662,2.935732595208772,0.0014389977792870212,0.0
2025-08-20 13:30:00-04:00,0.9903012778465953,0.006370330105255488,-0.0019704298783627117,0.4032410612264584,-0.8293838576108499,-0.7891324027604868,1.0030765853591619,0.988386993320882,0.9182053103208055,-0.0015814776748983572,0.7560623811356669,0.008010941308475017,1.0665874148801162,0.004046960144671319,1.936180811108774,-0.015586909637063662,2.935732595208772
2025-08-20 14:30:00-04:00,0.9937685387813996,0.005327676207722887,0.0027086340513622353,0.44312784916916714,-0.7711527973437455,-0.7855364816771385,1.0037642372756634,0.988957796043636,0.769086649861791,-0.0019704298783627117,0.9182053103208055,-0.0015814776748983572,0.7560623811356669,0.008010941308475017,1.0665874148801162,0.004046960144671319,1.936180811108774
2025-08-20 15:30:00-04:00,0.9916196698450401,0.0042149448852888015,-0.0030515289093377973,0.4098055783382669,-0.7654031230617591,-0.7815098099540627,1.0044392007248018,0.9892690035081873,1.323773321693001,0.0027086340513622353,0.769086649861791,-0.0019704298783627117,0.9182053103208055,-0.0015814776748983572,0.7560623811356669,0.008010941308475017,1.0665874148801162
2025-08-20 16:00:00-04:00,0.9921643342946092,0.05643312869269264,-0.000396373570143993,0.4055525596944699,-0.7584773085088443,-0.7769033096650191,1.005039279670886,0.9896361079751325,0.0,-0.0030515289093377973,1.323773321693001,0.0027086340513622353,0.769086649861791,-0.0019704298783627117,0.9182053103208055,-0.0015814776748983572,0.7560623811356669
2025-08-21 09:30:00-04:00,1.0054414538786112,0.01223893759543595,0.009276867580547243,0.6160341794168802,-0.3014329763704495,-0.5874175253726569,1.000125404929651,0.9869438320016328,1.7707266265110997,-0.000396373570143993,0.0,-0.0030515289093377973,1.323773321693001,0.0027086340513622353,0.769086649861791,-0.0019704298783627117,0.9182053103208055
2025-08-21 10:30:00-04:00,0.9975494003831701,0.012295635529107467,-0.008645071868241594,0.5043637804923293,-0.24560057636421107,-0.5190541355709677,1.0008564916879052,0.9877430350673526,0.9970517292703625,0.009276867580547243,1.7707266265110997,-0.000396373570143993,0.0,-0.0030515289093377973,1.323773321693001,0.0027086340513622353,0.769086649861791
2025-08-21 11:30:00-04:00,0.996819554602427,0.003955642715165994,-0.001650878479221074,0.48638845081562304,-0.2254064357321397,-0.4603245956032021,1.0010943440455158,0.9888022153309813,0.6381795721352438,-0.008645071868241594,0.9970517292703625,0.009276867580547243,1.7707266265110997,-0.000396373570143993,0.0,-0.0030515289093377973,1.323773321693001
2025-08-21 12:30:00-04:00,0.9976653751312925,0.0027537341192355796,-5.057233444261122e-05,0.4858181923182816,-0.20782188444246685,-0.4098240533710551,1.0018005699398485,0.9909091247464009,0.48937270296142793,-0.001650878479221074,0.6381795721352438,-0.008645071868241594,0.9970517292703625,0.009276867580547243,1.7707266265110997,-0.000396373570143993,0.0
2025-08-21 13:30:00-04:00,0.9979261294405793,0.0031545984759548586,-9.962184190548395e-05,0.4846129127944592,-0.19326373562142862,-0.3665119898211298,1.0022074708567466,0.9918362577081151,0.4168176269893244,-5.057233444261122e-05,0.48937270296142793,-0.001650878479221074,0.6381795721352438,-0.008645071868241594,0.9970517292703625,0.009276867580547243,1.7707266265110997
2025-08-21 14:30:00-04:00,0.9996524647780874,0.0031245313393697205,0.0016022835845583838,0.5058455035234772,-0.15412891026446118,-0.3240353739097961,1.002313864324033,0.991963981284816,0.46472519238858445,-9.962184190548395e-05,0.4168176269893244,-5.057233444261122e-05,0.48937270296142793,-0.001650878479221074,0.6381795721352438,-0.008645071868241594,0.9970517292703625
2025-08-21 15:30:00-04:00,0.9984015527805189,0.002503254161656224,-0.0014497489771660987,0.48629306415970697,-0.14484463504362566,-0.288197226136562,1.0025079910316328,0.9921593021692465,1.1283440432127303,0.0016022835845583838,0.46472519238858445,-9.962184190548395e-05,0.4168176269893244,-5.057233444261122e-05,0.48937270296142793,-0.001650878479221074,0.6381795721352438
2025-08-21 16:00:00-04:00,0.9986860670066426,0.0019024732151797109,-2.750157157560551e-08,0.48629268071734044,-0.13592041733048177,-0.25774186437534596,1.002891620397144,0.9925341445303332,0.0,-0.0014497489771660987,1.1283440432127303,0.0016022835845583838,0.46472519238858445,-9.962184190548395e-05,0.4168176269893244,-5.057233444261122e-05,0.48937270296142793
2025-08-22 09:30:00-04:00,1.0174099437787527,0.013506855045367196,0.0027825929237332847,0.7089286522807042,0.7890781715317701,0.4061609401309696,1.0140325197842313,0.9932397836883868,3.401664907340698,-2.750157157560551e-08,0.0,-0.0014497489771660987,1.1283440432127303,0.0016022835845583838,0.46472519238858445,-9.962184190548395e-05,0.4168176269893244
2025-08-22 10:30:00-04:00,1.019767772012653,0.005685577125301976,0.0030449382435535632,0.7355435445669621,0.9206394694689948,0.5090566459985746,1.0152126089442621,0.9935423679169251,1.376614477576403,0.0027825929237332847,3.401664907340698,-2.750157157560551e-08,0.0,-0.0014497489771660987,1.1283440432127303,0.0016022835845583838,0.46472519238858445
2025-08-22 11:30:00-04:00,1.0189848381112636,0.0072717510319100466,-9.794732734913492e-05,0.7332139777740284,1.011627160141245,0.6095707488271087,1.0164704983022215,0.993062006309385,1.0608036605802504,0.0030449382435535632,1.376614477576403,0.0027825929237332847,3.401664907340698,-2.750157157560551e-08,0.0,-0.0014497489771660987,1.1283440432127303
2025-08-22 12:30:00-04:00,1.0322098871327388,0.01762090328878691,0.014323155028821422,0.8219905105152614,1.3047188745102858,0.7486003739637441,1.0197696542656576,0.989752705198357,2.7146122286961933,-9.794732734913492e-05,1.0608036605802504,0.0030449382435535632,1.376614477576403,0.0027825929237332847,3.401664907340698,-2.750157157560551e-08,0.0
2025-08-22 13:30:00-04:00,1.0324701213964227,0.008377090351554525,0.0027517974601636297,0.8336103520706538,1.564951213631531,0.9118705418973014,1.021817093764358,0.9864933725486673,2.1016904667939436,0.014323155028821422,2.7146122286961933,-9.794732734913492e-05,1.0608036605802504,0.0030449382435535632,1.376614477576403,0.0027825929237332847,3.401664907340698
2025-08-22 14:30:00-04:00,1.0232838686830825,0.008532893211037137,-0.006980945357287105,0.7071524413742374,1.635332258095758,1.0565628851369928,1.0222863822151098,0.9853829379106854,1.2822425955272125,0.0027517974601636297,2.1016904667939436,0.014323155028821422,2.7146122286961933,-9.794732734913492e-05,1.0608036605802504,0.0030449382435535632,1.376614477576403
2025-08-22 15:30:00-04:00,1.0210569710411177,0.004351775355559701,-0.0006787520283958459,0.6961715314264754,1.6606697945206008,1.1773842670137145,1.0227402439708047,0.9850860606971946,1.5974055526011726,-0.006980945357287105,1.2822425955272125,0.0027517974601636297,2.1016904667939436,0.014323155028821422,2.7146122286961933,-9.794732734913492e-05,1.0608036605802504
2025-08-22 16:00:00-04:00,1.0212329396156656,0.0325762711864407,0.0018436099932781502,0.7093638937211741,1.6919099086445328,1.2802893953398782,1.0229855175015188,0.9848492906856651,0.0,-0.0006787520283958459,1.5974055526011726,-0.006980945357287105,1.2822425955272125,0.0027517974601636297,2.1016904667939436,0.014323155028821422,2.7146122286961933
